Gateway 0 Arrival Rate	Pure Cloud App Processing Efficiency of 0	Next Hop App Processing Efficiency of 0	Probabilistic DF App Processing Efficiency of 0	Pure Cloud App Processing Efficiency of 1	Next Hop App Processing Efficiency of 1	Probabilistic DF App Processing Efficiency of 1	Pure Cloud App Processing Efficiency of 2	Next Hop App Processing Efficiency of 2	Probabilistic DF App Processing Efficiency of 2	Pure Cloud App Processing Efficiency of Cloud	Next Hop App Processing Efficiency of Cloud	Probabilistic DF App Processing Efficiency of Cloud
0.0	5.0E-6	3.5800000000000003E-4	5.780000000000001E-4	5.0E-6	0.500626	0.5051145	5.0E-6	0.25249375	0.24617125	0.029326950000000025	1.0600000000000009E-5	1.5050000000000008E-5
50.0	5.0E-6	0.130389	0.1147665	5.0E-6	0.49051100000000003	0.47840800000000006	5.0E-6	0.245971	0.24167674999999997	0.031600250000000024	1.2200000000000007E-5	1.9000000000000008E-5
100.0	5.0E-6	0.2521325	0.2554615	5.0E-6	0.500815	0.49456049999999996	5.0E-6	0.24451375	0.24812099999999998	0.03484180000000002	1.415000000000001E-5	1.4700000000000005E-5
150.0	5.0E-6	0.387061	0.37976199999999993	5.0E-6	0.4840435	0.49024150000000005	5.0E-6	0.24407525	0.239783	0.037220250000000024	1.695000000000001E-5	2.320000000000001E-5
200.0	5.0E-6	0.47989699999999996	0.496209	5.0E-6	0.503768	0.5130195	5.0E-6	0.2522995	0.24539750000000002	0.03998840000000002	1.8850000000000008E-5	1.800000000000001E-5
250.0	5.0E-6	0.6147875	0.6467895	5.0E-6	0.482976	0.49872500000000003	5.0E-6	0.24784124999999996	0.25547149999999996	0.043133500000000026	1.585000000000001E-5	1.860000000000001E-5
300.0	5.0E-6	0.7644924999999999	0.7554580000000001	5.0E-6	0.4890454999999999	0.49707349999999995	5.0E-6	0.24792825000000002	0.24653	0.04497785000000002	1.245000000000001E-5	3.170000000000001E-5
350.0	5.0E-6	0.8382055000000002	0.852478	5.0E-6	0.505918	0.5262494999999999	5.0E-6	0.24276074999999997	0.24621450000000006	0.04844055000000002	7.754999999999993E-5	5.314999999999998E-5
400.0	5.0E-6	0.9432145000000001	0.9407635000000001	5.0E-6	0.503522	0.5208835	5.0E-6	0.2519785	0.24669600000000003	0.04989980000000003	6.874000000000004E-4	1.343499999999999E-4
450.0	5.0E-6	0.9661445000000001	0.9890909999999999	5.0E-6	0.5118269999999999	0.5527045	5.0E-6	0.24491199999999996	0.26586325	0.05186225000000002	0.002060949999999999	2.944999999999999E-4
500.0	5.0E-6	0.9923285	0.9936619999999999	5.0E-6	0.501706	0.5898700000000001	5.0E-6	0.24728275000000002	0.2764067499999999	0.053940850000000026	0.005456850000000004	4.773499999999998E-4
550.0	5.0E-6	0.9944409999999999	0.9944495	5.0E-6	0.5229375	0.6543245	5.0E-6	0.24819325	0.2844135	0.05729230000000002	0.006977900000000004	7.989000000000005E-4
600.0	5.0E-6	0.9945689999999999	0.9945945	5.0E-6	0.4949739999999999	0.718971	5.0E-6	0.2503745	0.30714074999999996	0.06005610000000002	0.010040700000000005	0.0012008000000000014
650.0	5.0E-6	0.994991	0.9955589999999999	5.0E-6	0.5128895	0.762926	5.0E-6	0.2558415	0.314656	0.062429150000000024	0.012854749999999988	0.0014505500000000008
700.0	5.0E-6	0.9954564999999999	0.995482	5.0E-6	0.4948615	0.8069659999999999	5.0E-6	0.24204550000000005	0.33028675	0.06328550000000001	0.014313499999999984	0.0018751999999999992
750.0	5.0E-6	0.9956284999999999	0.9954695000000001	5.0E-6	0.5070135	0.8266120000000001	5.0E-6	0.248365	0.34126025000000004	0.06602960000000004	0.016575049999999984	0.0018514499999999988
800.0	5.0E-6	0.9956215	0.9950734999999999	5.0E-6	0.5201905000000001	0.8861710000000003	5.0E-6	0.2486215	0.3489845	0.06941460000000002	0.018750899999999984	0.002028299999999998
850.0	5.0E-6	0.9957995000000001	0.9952655	5.0E-6	0.495951	0.9175185000000001	5.0E-6	0.250699	0.36557375	0.07215285000000002	0.022182849999999983	0.0022992499999999983
900.0	5.0E-6	0.9955675000000002	0.9957804999999998	5.0E-6	0.5035715	0.9523955000000001	5.0E-6	0.25040025	0.38287775	0.07362455000000001	0.024317399999999996	0.0026964000000000007
950.0	5.0E-6	0.9957860000000001	0.995654	5.0E-6	0.4959144999999999	0.9711225000000001	5.0E-6	0.24266875	0.39896000000000004	0.07631995	0.02693750000000002	0.0031770500000000007
1000.0	5.0E-6	0.995974	0.9957744999999999	5.0E-6	0.510679	0.9721869999999999	5.0E-6	0.25060925	0.40807525	0.07887905000000002	0.02913685000000002	0.003310850000000003
1050.0	5.0E-6	0.995781	0.9950065	5.0E-6	0.5035185000000001	0.9851380000000001	5.0E-6	0.24741549999999995	0.42338675000000003	0.08137150000000001	0.031246650000000025	0.0035763500000000046
1100.0	5.0E-6	0.995758	0.995861	5.0E-6	0.4951345	0.9895465	5.0E-6	0.24652149999999998	0.43990975	0.08461990000000001	0.033860300000000024	0.003981550000000004
1150.0	5.0E-6	0.9954350000000002	0.995956	5.0E-6	0.4987665	0.9892059999999999	5.0E-6	0.24306725	0.4579025	0.08551710000000001	0.03611600000000002	0.004008400000000004
1200.0	5.0E-6	0.9958535	0.995796	5.0E-6	0.507048	0.991058	5.0E-6	0.2447445	0.46278975000000006	0.08757310000000001	0.038964450000000025	0.004607050000000004
1250.0	5.0E-6	0.9957474999999999	0.995681	5.0E-6	0.4815155	0.9905395	5.0E-6	0.24588575000000001	0.47045049999999994	0.08973715000000002	0.04058420000000003	0.004587250000000004
1300.0	5.0E-6	0.995889	0.995922	5.0E-6	0.48624899999999993	0.9911305	5.0E-6	0.247955	0.49622475	0.09184890000000004	0.04329060000000001	0.004904750000000005
1350.0	5.0E-6	0.9960094999999999	0.9958929999999999	5.0E-6	0.486509	0.992975	5.0E-6	0.25171050000000006	0.5026619999999999	0.09533995000000002	0.04585395000000002	0.0052846500000000044
1400.0	5.0E-6	0.995891	0.9959769999999999	5.0E-6	0.5030715	0.9936630000000001	5.0E-6	0.24959824999999997	0.5367	0.09910949999999998	0.04871315000000002	0.005855500000000004
1450.0	5.0E-6	0.9958425	0.995557	5.0E-6	0.5063415	0.9926389999999999	5.0E-6	0.24615125	0.5360989999999999	0.10098599999999994	0.0507422	0.005794150000000005
1500.0	5.0E-6	0.9958819999999999	0.995904	5.0E-6	0.49264450000000004	0.9925885000000001	5.0E-6	0.23874575	0.5505162499999999	0.10330834999999991	0.05330865000000003	0.005802650000000005
1550.0	5.0E-6	0.995899	0.9959484999999999	5.0E-6	0.4869665	0.9935095	5.0E-6	0.250506	0.5578595	0.10567269999999991	0.05520755000000003	0.006439150000000005
1600.0	5.0E-6	0.9956855000000001	0.995853	5.0E-6	0.5087794999999999	0.993975	5.0E-6	0.24622550000000004	0.58387775	0.1077675499999999	0.05901225000000002	0.006545900000000005
1650.0	5.0E-6	0.9959430000000001	0.995759	5.0E-6	0.5098805000000001	0.99246	5.0E-6	0.24973499999999998	0.5907905	0.11019639999999993	0.06014200000000003	0.007038500000000003
1700.0	5.0E-6	0.9958575	0.9959719999999999	5.0E-6	0.503741	0.993913	5.0E-6	0.248081	0.60939125	0.11191179999999992	0.06343245000000002	0.007127600000000003
1750.0	5.0E-6	0.9958535	0.995884	5.0E-6	0.5096864999999999	0.9923805	5.0E-6	0.250813	0.612698	0.1141667499999999	0.06515480000000003	0.007229900000000004
1800.0	5.0E-6	0.9958444999999999	0.9960355	5.0E-6	0.499967	0.9939199999999999	5.0E-6	0.24721425	0.6402365000000001	0.11632019999999992	0.06764020000000001	0.007901900000000003
1850.0	5.0E-6	0.9958805	0.9958294999999999	5.0E-6	0.5001205	0.993914	5.0E-6	0.2462275	0.635013	0.11939669999999991	0.07010305000000003	0.008017700000000004
1900.0	5.0E-6	0.9960074999999999	0.9959775000000001	5.0E-6	0.4995465	0.9942235	5.0E-6	0.24473874999999995	0.65937325	0.12339649999999994	0.07187380000000002	0.008180600000000005
1950.0	5.0E-6	0.9959534999999999	0.9958029999999999	5.0E-6	0.5185025	0.993362	5.0E-6	0.24545175000000002	0.6774132500000001	0.12357709999999993	0.07393230000000002	0.008568350000000004
2000.0	5.0E-6	0.9959165000000001	0.9958495	5.0E-6	0.5139795	0.9934614999999999	5.0E-6	0.25582099999999997	0.68348975	0.12742314999999993	0.07619420000000002	0.0087861000000000032050.0	5.0E-6	0.9958735000000001	0.995881	5.0E-6	0.49635100000000004	0.99406225	5.0E-6	0.24923737499999996	0.7016425	0.1292122999999999	0.07953375000000003	0.009158975000000003
2100.0	5.0E-6	0.99590625	0.9958842499999999	5.0E-6	0.5068377500000001	0.99426325	5.0E-6	0.24829137499999998	0.715221125	0.13108409999999993	0.08090995000000002	0.009535500000000004
2150.0	5.0E-6	0.9958985	0.9959555000000002	5.0E-6	0.5066515	0.9940072499999999	5.0E-6	0.24686575	0.7198407500000001	0.13429847499999992	0.08425247500000002	0.009424200000000004
2200.0	5.0E-6	0.99591375	0.9959635	5.0E-6	0.49472749999999993	0.9939614999999999	5.0E-6	0.24802524999999997	0.73313225	0.1361069499999999	0.08712067500000004	0.010073250000000004
2250.0	5.0E-6	0.9959469999999999	0.9959010000000001	5.0E-6	0.49486549999999996	0.9943267500000001	5.0E-6	0.24785399999999996	0.7551863750000001	0.13824272499999993	0.08872325000000002	0.010164425000000006
2300.0	5.0E-6	0.9959494999999998	0.9958522500000001	5.0E-6	0.5059972500000001	0.9943955000000001	5.0E-6	0.2498115	0.769598875	0.14045367499999992	0.09082027500000002	0.010390075000000004
2350.0	5.0E-6	0.9958952499999999	0.9959325	5.0E-6	0.4950402499999999	0.9948152499999999	5.0E-6	0.25201875	0.778978125	0.14313729999999997	0.09377897500000001	0.010580825000000006
2400.0	5.0E-6	0.99593875	0.9959582499999999	5.0E-6	0.505587	0.9941922500000002	5.0E-6	0.25157599999999997	0.784062875	0.14541529999999991	0.09519095000000001	0.010623950000000004
2450.0	5.0E-6	0.9959492500000001	0.9960180000000001	5.0E-6	0.50533275	0.99488725	5.0E-6	0.24881675000000003	0.807322375	0.1479767499999999	0.09841515	0.010936250000000003
2500.0	5.0E-6	0.9959365	0.9959282500000001	5.0E-6	0.49744625	0.9943062499999998	5.0E-6	0.2517185	0.8139130000000001	0.15084364999999994	0.10026852499999994	0.011647550000000003
2550.0	5.0E-6	0.9959580000000001	0.995897	5.0E-6	0.498043	0.99479925	5.0E-6	0.252053375	0.8246458749999999	0.1522505749999999	0.10248544999999991	0.011518025000000005
2600.0	5.0E-6	0.9959450000000001	0.9959622499999998	5.0E-6	0.4900880000000001	0.9951952499999999	5.0E-6	0.246023625	0.8426387500000001	0.15524057499999994	0.10553312499999992	0.011792675000000002
2650.0	5.0E-6	0.9959490000000001	0.99598075	5.0E-6	0.4963915	0.99425575	5.0E-6	0.24948537500000004	0.862640625	0.1569317249999999	0.1076173749999999	0.012349649999999993
2700.0	5.0E-6	0.9959299999999999	0.9959475000000001	5.0E-6	0.48846449999999997	0.9945899999999999	5.0E-6	0.250078625	0.8751032499999999	0.15961399999999992	0.1099366499999999	0.012398299999999998
2750.0	5.0E-6	0.9959074999999998	0.9959697500000001	5.0E-6	0.49920400000000004	0.99461975	5.0E-6	0.24691337499999996	0.884235125	0.16164459999999992	0.11201374999999991	0.012866124999999983
2800.0	5.0E-6	0.9959469999999999	0.9959032500000001	5.0E-6	0.49476225000000007	0.994868	5.0E-6	0.244923875	0.896781375	0.1649800999999999	0.1152268249999999	0.012887174999999992
2850.0	5.0E-6	0.9959494999999998	0.9959957500000002	5.0E-6	0.503187	0.994728	5.0E-6	0.247668125	0.9094085	0.16643312499999993	0.11652914999999993	0.013275324999999982
2900.0	5.0E-6	0.995927	0.9958992500000001	5.0E-6	0.4952415	0.99457875	5.0E-6	0.24880362500000003	0.9236287500000001	0.16959874999999994	0.12034692499999992	0.013302324999999986
2950.0	5.0E-6	0.9958832500000001	0.99597625	5.0E-6	0.4985437500000002	0.9943362499999999	5.0E-6	0.24673450000000002	0.9273888750000001	0.1706499499999999	0.12189472499999994	0.013468749999999979
3000.0	5.0E-6	0.9959352499999999	0.99599875	5.0E-6	0.5109502499999999	0.994699	5.0E-6	0.25011475	0.9307855	0.1737575499999999	0.12341784999999994	0.014335949999999983
3050.0	5.0E-6	0.9959037499999999	0.9959750000000002	5.0E-6	0.48725749999999995	0.9947039999999999	5.0E-6	0.244478375	0.9479409999999998	0.17607502499999997	0.12578292499999993	0.014321324999999982
3100.0	5.0E-6	0.9959835	0.9959062499999998	5.0E-6	0.50030575	0.9950707500000002	5.0E-6	0.24763649999999998	0.958863625	0.17725447499999997	0.12855859999999994	0.014354824999999979
3150.0	5.0E-6	0.99595525	0.9959585000000001	5.0E-6	0.50583375	0.9950680000000001	5.0E-6	0.24664562500000003	0.9662638749999999	0.18016637499999993	0.1317056749999999	0.014576874999999984
3200.0	5.0E-6	0.99594375	0.99595275	5.0E-6	0.50668	0.9951845	5.0E-6	0.2551875	0.9718437499999999	0.18396397499999995	0.13382137499999996	0.01529049999999998
3250.0	5.0E-6	0.9960267499999998	0.9959342500000001	5.0E-6	0.50710375	0.9945225000000001	5.0E-6	0.24730549999999996	0.9780674999999999	0.18507917499999998	0.13529762499999992	0.01578627499999998
3300.0	5.0E-6	0.99593075	0.9959127499999999	5.0E-6	0.49448225000000007	0.9949147499999998	5.0E-6	0.245094	0.9746260000000001	0.18847699999999992	0.13740727499999994	0.015564099999999984
3350.0	5.0E-6	0.9959674999999999	0.9959960000000001	5.0E-6	0.491279	0.9947840000000001	5.0E-6	0.24978849999999997	0.9854594999999999	0.18989942499999993	0.14125184999999993	0.01570422499999998
3400.0	5.0E-6	0.99596275	0.99600825	5.0E-6	0.48072749999999986	0.9950325000000001	5.0E-6	0.24755787499999996	0.984464625	0.19245367499999994	0.14357637499999992	0.01631424999999998
3450.0	5.0E-6	0.9959290000000001	0.99596175	5.0E-6	0.50683075	0.995096	5.0E-6	0.252583	0.9847428749999999	0.19490579999999996	0.14422557499999994	0.016725674999999985
3500.0	5.0E-6	0.9959210000000001	0.9958734999999999	5.0E-6	0.5034544999999999	0.99483725	5.0E-6	0.248085625	0.98654375	0.19733262499999998	0.14843894999999996	0.016550024999999982
3550.0	5.0E-6	0.9959669999999999	0.9959652499999999	5.0E-6	0.4900347500000001	0.9951319999999999	5.0E-6	0.24559325000000004	0.9884956250000002	0.19853132499999998	0.14965447499999993	0.016776924999999984
3600.0	5.0E-6	0.9959777500000001	0.9959199999999999	5.0E-6	0.50105825	0.9949465000000002	5.0E-6	0.24703662499999995	0.9869576250000002	0.2009796749999999	0.15210114999999994	0.017039399999999982
3650.0	5.0E-6	0.9959095	0.9959904999999999	5.0E-6	0.50735025	0.99506125	5.0E-6	0.246100875	0.9889592500000001	0.20525179999999996	0.15302559999999993	0.017501974999999982
3700.0	5.0E-6	0.9959659999999999	0.9959755000000001	5.0E-6	0.498765	0.9951542499999999	5.0E-6	0.25130287500000004	0.989107	0.20739317499999999	0.15689337499999995	0.01787254999999998
3750.0	5.0E-6	0.9960452499999999	0.9959635	5.0E-6	0.48842725	0.9950825	5.0E-6	0.24984300000000004	0.9895613750000001	0.20759797499999996	0.15833137499999994	0.018321924999999982
3800.0	5.0E-6	0.9959764999999999	0.995941	5.0E-6	0.48348975000000005	0.99497775	5.0E-6	0.24988224999999997	0.98958525	0.2095453749999999	0.16165569999999993	0.01834309999999998
3850.0	5.0E-6	0.9959764999999999	0.9959390000000001	5.0E-6	0.51525825	0.9951680000000002	5.0E-6	0.249063875	0.9902631249999999	0.212848925	0.16460392499999993	0.01847342499999998
3900.0	5.0E-6	0.9959787500000001	0.99599075	5.0E-6	0.494156	0.9953792499999998	5.0E-6	0.245249125	0.990220875	0.21545559999999994	0.16534092499999992	0.019291099999999985
3950.0	5.0E-6	0.99594775	0.9960337500000002	5.0E-6	0.5166955	0.9952919999999998	5.0E-6	0.247722125	0.9900088749999998	0.21737914999999997	0.16774574999999992	0.018860299999999986
4000.0	5.0E-6	0.995941	0.9959495	5.0E-6	0.5139002500000001	0.9953329999999999	5.0E-6	0.24630425000000003	0.989584125	0.21900999999999993	0.17052922499999992	0.01902162499999998
4050.0	5.0E-6	0.9959465000000002	0.9959484999999999	5.0E-6	0.5115277500000001	0.9951190000000001	5.0E-6	0.248929	0.990323875	0.22351557499999997	0.17134922499999994	0.019598499999999984
4100.0	5.0E-6	0.99599675	0.9959624999999999	5.0E-6	0.50149725	0.9950317500000001	5.0E-6	0.25051249999999997	0.9904702499999999	0.22416099999999997	0.1738553499999999	0.019561274999999986
4150.0	5.0E-6	0.99599575	0.99594825	5.0E-6	0.5175820000000001	0.9950165	5.0E-6	0.24653275	0.9901626250000002	0.22786725	0.17735724999999994	0.02031447499999998
4200.0	5.0E-6	0.9959967500000001	0.99598375	5.0E-6	0.50895325	0.99524925	5.0E-6	0.247297125	0.98977825	0.22969762499999993	0.17979979999999993	0.020053274999999978
4250.0	5.0E-6	0.9959277500000001	0.9959697499999999	5.0E-6	0.49223875	0.9951674999999998	5.0E-6	0.250699375	0.9906857500000001	0.23021842499999995	0.18152202499999998	0.020592599999999982
4300.0	5.0E-6	0.9959332499999999	0.9959735000000001	5.0E-6	0.49010375	0.9953225	5.0E-6	0.25207487500000003	0.9906098749999999	0.23260507499999994	0.18417182499999993	0.020705299999999986
4350.0	5.0E-6	0.9959324999999998	0.9960085000000001	5.0E-6	0.5035814999999999	0.9953569999999999	5.0E-6	0.24691412500000004	0.990686625	0.23474212499999997	0.1856760749999999	0.021338299999999984
4400.0	5.0E-6	0.9959997500000002	0.9959495	5.0E-6	0.497917	0.99500625	5.0E-6	0.24924987499999998	0.9904805	0.23831940000000001	0.18801809999999994	0.021513074999999986
4450.0	5.0E-6	0.9960162499999999	0.9959235	5.0E-6	0.5013685	0.99517825	5.0E-6	0.24753462500000004	0.9906519999999999	0.23958807499999996	0.19052919999999993	0.021255024999999983
4500.0	5.0E-6	0.995936	0.99597625	5.0E-6	0.5010070000000001	0.99551575	5.0E-6	0.25019975000000005	0.9908452499999999	0.24222834999999993	0.19339094999999995	0.022039074999999984
4550.0	5.0E-6	0.9959502499999999	0.995974	5.0E-6	0.493872	0.9954032500000001	5.0E-6	0.24849949999999996	0.9907142499999999	0.24560707499999995	0.19455489999999992	0.02206532499999998
4600.0	5.0E-6	0.9959472500000001	0.9960357500000002	5.0E-6	0.4931405	0.9951527500000001	5.0E-6	0.25315112500000003	0.9907013750000001	0.24639937499999998	0.19737297499999995	0.022154524999999987
4650.0	5.0E-6	0.9959725	0.9959645	5.0E-6	0.49492200000000003	0.99532625	5.0E-6	0.24478300000000003	0.9904578749999999	0.24885477499999994	0.19942702499999995	0.022556349999999982
4700.0	5.0E-6	0.99600075	0.9959614999999999	5.0E-6	0.5004095	0.9953662499999998	5.0E-6	0.24360062500000007	0.99052975	0.250958175	0.20199479999999995	0.02267359999999998
4750.0	5.0E-6	0.9959557499999999	0.99592675	5.0E-6	0.50981875	0.9952482499999998	5.0E-6	0.24748925000000002	0.9904206250000002	0.253345325	0.20384659999999996	0.023169449999999984
4800.0	5.0E-6	0.9960005000000001	0.9959680000000001	5.0E-6	0.5172755	0.9953415	5.0E-6	0.241708875	0.9906862500000001	0.256129725	0.20629662499999993	0.023179824999999984
4850.0	5.0E-6	0.9960105	0.9959490000000001	5.0E-6	0.48555000000000004	0.9954890000000001	5.0E-6	0.248929125	0.9907523749999999	0.25805779999999995	0.20952952499999994	0.023582374999999982
4900.0	5.0E-6	0.9959602500000001	0.9959645	5.0E-6	0.49837925	0.9952565000000002	5.0E-6	0.24120425	0.9907256249999999	0.25993602499999996	0.21107415000000002	0.023604449999999978
4950.0	5.0E-6	0.9959449999999999	0.9958982500000001	5.0E-6	0.49291625000000006	0.99526725	5.0E-6	0.24936949999999997	0.9908112499999999	0.2635796	0.21362864999999992	0.024229074999999992
5000.0	5.0E-6	0.9959580000000001	0.99601425	5.0E-6	0.5004410000000001	0.995509	5.0E-6	0.245711375	0.990969625	0.26555815000000005	0.21447912499999994	0.024454174999999988
1800.0	1.0E-5	0.99612	0.9954799999999999	1.0E-5	0.4898925	0.9897624999999999	1.0E-5	0.25293999999999994	0.63761	0.11880975000000002	0.06991250000000004	0.007498500000000009
1850.0	1.0E-5	0.9958724999999999	0.9958425	1.0E-5	0.51643	0.9937575000000001	1.0E-5	0.24684250000000002	0.6273537499999999	0.12075600000000003	0.07381175000000004	0.00802325000000001
1900.0	1.0E-5	0.9959925000000001	0.9959975	1.0E-5	0.519525	0.9943299999999999	1.0E-5	0.25416	0.6575837499999999	0.12277275000000004	0.07183525000000004	0.008358750000000009
1950.0	1.0E-5	0.9955499999999999	0.995985	1.0E-5	0.47694499999999995	0.990165	1.0E-5	0.23872500000000002	0.6625924999999999	0.12449925000000005	0.07105950000000003	0.00875550000000001
2000.0	1.0E-5	0.9956375000000001	0.9960899999999999	1.0E-5	0.5204125	0.9916400000000001	1.0E-5	0.26058875000000004	0.6683224999999999	0.12562850000000003	0.07632850000000004	0.00896750000000001
2050.0	1.0E-5	0.9958175	0.995895	1.0E-5	0.46062250000000005	0.9933825000000001	1.0E-5	0.240285	0.7198112499999999	0.13158275000000003	0.07899025000000005	0.009401250000000009
2100.0	1.0E-5	0.995805	0.9956375	1.0E-5	0.490065	0.9900774999999999	1.0E-5	0.23934624999999998	0.70184	0.12999200000000005	0.07800000000000004	0.008843250000000007
Gateway 0 Arrival Rate	Pure Cloud App Processing Efficiency of 0	Next Hop App Processing Efficiency of 0	Probabilistic DF App Processing Efficiency of 0	Pure Cloud App Processing Efficiency of 1	Next Hop App Processing Efficiency of 1	Probabilistic DF App Processing Efficiency of 1	Pure Cloud App Processing Efficiency of 2	Next Hop App Processing Efficiency of 2	Probabilistic DF App Processing Efficiency of 2	Pure Cloud App Processing Efficiency of Cloud	Next Hop App Processing Efficiency of Cloud	Probabilistic DF App Processing Efficiency of Cloud
0.0	1.0E-5	6.816666666666667E-4	8.133333333333333E-4	1.0E-5	0.5281433333333333	0.49582333333333334	1.0E-5	0.24923833333333334	0.24737750000000003	0.028500166666666632	1.316666666666667E-5	4.3333333333333354E-5
50.0	1.0E-5	0.10832666666666668	0.12344833333333333	1.0E-5	0.49672999999999995	0.479795	1.0E-5	0.24379583333333335	0.25279166666666664	0.03158533333333329	2.5333333333333354E-5	4.6500000000000026E-5
100.0	1.0E-5	0.26082333333333335	0.2548066666666666	1.0E-5	0.46692	0.491505	1.0E-5	0.25321166666666667	0.24645166666666665	0.03447699999999997	2.500000000000002E-5	4.3333333333333354E-5
150.0	1.0E-5	0.3739350000000001	0.36050999999999994	1.0E-5	0.5192833333333332	0.4716133333333333	1.0E-5	0.2505616666666667	0.24566999999999997	0.03834016666666664	3.483333333333335E-5	2.9500000000000022E-5
200.0	1.0E-5	0.48311666666666664	0.4849316666666667	1.0E-5	0.5321766666666666	0.459895	1.0E-5	0.24073833333333336	0.239165	0.04139166666666663	3.400000000000002E-5	1.8333333333333346E-5
250.0	1.0E-5	0.6106316666666666	0.65659	1.0E-5	0.5333899999999999	0.48843166666666665	1.0E-5	0.24137583333333335	0.24651583333333335	0.041660333333333306	2.9500000000000022E-5	3.9666666666666684E-5
300.0	1.0E-5	0.6979316666666667	0.7588833333333334	1.0E-5	0.4905916666666666	0.4963566666666667	1.0E-5	0.24967999999999999	0.24505583333333333	0.0456068333333333	2.500000000000002E-5	3.733333333333335E-5
350.0	1.0E-5	0.8723983333333334	0.8527049999999999	1.0E-5	0.4890933333333334	0.46941499999999997	1.0E-5	0.26327666666666666	0.26661916666666663	0.0488763333333333	1.4816666666666656E-4	3.550000000000002E-5
400.0	1.0E-5	0.942975	0.9233766666666666	1.0E-5	0.5011416666666667	0.5024566666666667	1.0E-5	0.24205999999999997	0.25566333333333335	0.04917899999999997	0.0011306666666666672	1.1400000000000002E-4
450.0	1.0E-5	0.9653466666666667	0.9836733333333333	1.0E-5	0.5185566666666667	0.5986033333333334	1.0E-5	0.24362583333333332	0.28296166666666667	0.051420500000000036	0.002620166666666667	5.32333333333333E-4
500.0	1.0E-5	0.989005	0.9873666666666666	1.0E-5	0.49740333333333336	0.5804866666666667	1.0E-5	0.23633833333333332	0.27387083333333334	0.05356250000000004	0.003917333333333331	5.614999999999996E-4
550.0	1.0E-5	0.9955766666666666	0.9946516666666666	1.0E-5	0.49999333333333335	0.65064	1.0E-5	0.25818499999999994	0.29376833333333335	0.05610783333333338	0.006779833333333342	9.414999999999996E-4
600.0	1.0E-5	0.9949333333333333	0.9914316666666666	1.0E-5	0.5317166666666667	0.685795	1.0E-5	0.25061333333333335	0.3020483333333334	0.05975233333333338	0.010349666666666674	0.0010206666666666663
650.0	1.0E-5	0.9945849999999999	0.9943833333333334	1.0E-5	0.4757766666666667	0.7345433333333333	1.0E-5	0.23588583333333335	0.29563916666666673	0.06053550000000004	0.012043166666666674	0.0012696666666666663
700.0	1.0E-5	0.9947283333333333	0.9952783333333333	1.0E-5	0.5144483333333333	0.7984283333333333	1.0E-5	0.24428166666666665	0.3357683333333333	0.06269983333333339	0.014093166666666672	0.0018170000000000018
750.0	1.0E-5	0.9956149999999999	0.9945066666666668	1.0E-5	0.472815	0.823295	1.0E-5	0.2359591666666667	0.33929500000000007	0.06644666666666671	0.016126000000000005	0.0019230000000000026
800.0	1.0E-5	0.9937966666666668	0.9937516666666667	1.0E-5	0.5055283333333334	0.8801783333333333	1.0E-5	0.24623416666666667	0.362045	0.06702816666666671	0.018797000000000008	0.002165333333333335
850.0	1.0E-5	0.9957816666666667	0.9946766666666665	1.0E-5	0.49391000000000007	0.8768750000000001	1.0E-5	0.25095	0.3482016666666666	0.07032283333333338	0.020950500000000007	0.0023301666666666696
900.0	1.0E-5	0.995695	0.9955866666666666	1.0E-5	0.5042583333333334	0.9452183333333334	1.0E-5	0.24411666666666665	0.3836291666666667	0.07253083333333338	0.024781333333333325	0.0026876666666666694
950.0	1.0E-5	0.99559	0.995335	1.0E-5	0.5113566666666666	0.9566516666666667	1.0E-5	0.2546891666666667	0.4004716666666667	0.07670600000000004	0.026638666666666633	0.002821333333333336
1000.0	1.0E-5	0.9956383333333334	0.9957516666666667	1.0E-5	0.4736933333333333	0.97087	1.0E-5	0.246495	0.4037375	0.07862800000000003	0.028416666666666635	0.0031661666666666674
1050.0	1.0E-5	0.9957733333333333	0.9958300000000001	1.0E-5	0.48122333333333334	0.9867533333333333	1.0E-5	0.2512175	0.4219066666666667	0.0803496666666667	0.031615833333333294	0.0037048333333333295
1100.0	1.0E-5	0.9957050000000001	0.9957933333333333	1.0E-5	0.49517000000000005	0.9829650000000001	1.0E-5	0.237775	0.4410308333333333	0.08492233333333336	0.034360166666666636	0.0038451666666666634
1150.0	1.0E-5	0.9947816666666668	0.995425	1.0E-5	0.5176633333333334	0.9843933333333332	1.0E-5	0.25818	0.44815916666666666	0.08323200000000003	0.03686599999999997	0.004660666666666663
1200.0	1.0E-5	0.9956699999999999	0.9955916666666665	1.0E-5	0.5051450000000001	0.9830399999999999	1.0E-5	0.2583991666666667	0.4661516666666667	0.0876971666666667	0.038395666666666634	0.004725999999999997
1250.0	1.0E-5	0.9953416666666666	0.9955966666666667	1.0E-5	0.5179983333333333	0.983895	1.0E-5	0.24691333333333332	0.4847983333333334	0.09224150000000003	0.04233499999999998	0.0049174999999999965
1300.0	1.0E-5	0.9956633333333333	0.9952166666666667	1.0E-5	0.495605	0.9866516666666666	1.0E-5	0.2523708333333334	0.49999333333333335	0.09365383333333338	0.04197616666666664	0.0048096666666666635
1350.0	1.0E-5	0.9956083333333332	0.9955833333333333	1.0E-5	0.51966	0.9909566666666666	1.0E-5	0.2388991666666667	0.49691833333333335	0.09377683333333336	0.04489649999999997	0.00500933333333333
1400.0	1.0E-5	0.9954649999999999	0.9952616666666666	1.0E-5	0.4566133333333333	0.9910083333333333	1.0E-5	0.2405925	0.5179808333333332	0.10070200000000003	0.047244666666666636	0.0049933333333333305
1450.0	1.0E-5	0.995855	0.995855	1.0E-5	0.5216	0.9879783333333334	1.0E-5	0.24833916666666667	0.5318025000000001	0.1000121666666667	0.051185500000000016	0.005677333333333329
1500.0	1.0E-5	0.99572	0.9956733333333333	1.0E-5	0.49964666666666674	0.9916283333333333	1.0E-5	0.246305	0.556175	0.10315750000000005	0.05343750000000005	0.0058805
1550.0	1.0E-5	0.9956533333333333	0.9957083333333333	1.0E-5	0.5138683333333334	0.9882883333333333	1.0E-5	0.2497075	0.5446191666666667	0.10570450000000005	0.05637933333333337	0.006213166666666668
1600.0	1.0E-5	0.9958166666666667	0.9958483333333333	1.0E-5	0.482205	0.9922283333333333	1.0E-5	0.242795	0.5784833333333333	0.10677400000000004	0.05831333333333336	0.006869166666666672
1650.0	1.0E-5	0.995885	0.9959766666666666	1.0E-5	0.485905	0.9890233333333334	1.0E-5	0.24333666666666667	0.6102991666666666	0.10934400000000004	0.06045683333333337	0.006473833333333338
1700.0	1.0E-5	0.99589	0.9956033333333334	1.0E-5	0.50602	0.990555	1.0E-5	0.2603875	0.5793008333333333	0.11103083333333337	0.06198183333333338	0.0069650000000000085
1750.0	1.0E-5	0.9956999999999999	0.995645	1.0E-5	0.5064383333333334	0.9897116666666667	1.0E-5	0.26328666666666667	0.6171216666666667	0.11439350000000004	0.0656601666666667	0.006955500000000008
1800.0	1.0E-5	0.995895	0.9959583333333333	1.0E-5	0.5181366666666666	0.9891266666666666	1.0E-5	0.24542666666666668	0.6240091666666667	0.11812650000000002	0.06844483333333339	0.007971833333333341
1850.0	1.0E-5	0.9954716666666666	0.9957483333333332	1.0E-5	0.5287033333333334	0.9909766666666666	1.0E-5	0.24348	0.6584591666666667	0.11933000000000003	0.06980233333333337	0.007772666666666675
1900.0	1.0E-5	0.9959166666666667	0.9957083333333333	1.0E-5	0.507515	0.9910200000000001	1.0E-5	0.24806416666666667	0.6582316666666667	0.1193391666666667	0.0724656666666667	0.008162666666666674
1950.0	1.0E-5	0.9958966666666668	0.9958683333333335	1.0E-5	0.4774416666666667	0.9906966666666666	1.0E-5	0.24481583333333334	0.6841658333333333	0.12385950000000003	0.07860933333333338	0.00860400000000001
2000.0	1.0E-5	0.995885	0.99587	1.0E-5	0.4814683333333334	0.9933083333333332	1.0E-5	0.254765	0.67701	0.12749983333333337	0.0756911666666667	0.00845500000000001
2050.0	1.0E-5	0.9958816666666666	0.9958533333333334	1.0E-5	0.5040933333333333	0.9912933333333332	1.0E-5	0.2568983333333333	0.6711816666666667	0.12796216666666668	0.07838383333333336	0.00850250000000001
2100.0	1.0E-5	0.99587	0.99582	1.0E-5	0.481165	0.9927433333333333	1.0E-5	0.2513508333333333	0.6990875000000001	0.13034416666666668	0.08226433333333337	0.00905050000000001
2150.0	1.0E-5	0.9956666666666667	0.9957666666666668	1.0E-5	0.5089466666666667	0.99323	1.0E-5	0.24055	0.6991683333333333	0.13063133333333338	0.08187966666666671	0.009955166666666676
2200.0	1.0E-5	0.9959349999999999	0.9958533333333334	1.0E-5	0.5156266666666667	0.9918966666666668	1.0E-5	0.252555	0.7581825000000001	0.1356176666666667	0.08645483333333337	0.009511500000000008
2250.0	1.0E-5	0.9960816666666666	0.9958716666666666	1.0E-5	0.47813333333333335	0.9934583333333332	1.0E-5	0.2542725	0.7485391666666666	0.14070616666666672	0.09036050000000005	0.010526500000000008
2300.0	1.0E-5	0.9957033333333333	0.9959833333333333	1.0E-5	0.5217416666666667	0.99198	1.0E-5	0.24116083333333335	0.7604058333333334	0.1405068333333334	0.09150916666666671	0.010319500000000007
2350.0	1.0E-5	0.9956766666666667	0.9958383333333334	1.0E-5	0.5044333333333333	0.99452	1.0E-5	0.25495500000000004	0.7849300000000001	0.14045400000000002	0.0943661666666667	0.010057666666666675
2400.0	1.0E-5	0.9958816666666667	0.995975	1.0E-5	0.5112766666666667	0.992195	1.0E-5	0.23382833333333333	0.7837816666666666	0.1469211666666667	0.0961501666666667	0.011005666666666672
2450.0	1.0E-5	0.9958483333333333	0.9957766666666666	1.0E-5	0.4649466666666666	0.992665	1.0E-5	0.2502041666666667	0.8073558333333333	0.14860616666666668	0.09611250000000005	0.010694166666666676
2500.0	1.0E-5	0.9958033333333333	0.9958216666666666	1.0E-5	0.5036633333333334	0.9936983333333332	1.0E-5	0.24256583333333334	0.8256058333333334	0.1497041666666667	0.10046233333333336	0.011097333333333341
2550.0	1.0E-5	0.9960600000000001	0.9958366666666666	1.0E-5	0.5188166666666666	0.9933316666666666	1.0E-5	0.25448916666666666	0.8242258333333333	0.15239550000000002	0.10469883333333337	0.011697666666666676
2600.0	1.0E-5	0.9958716666666666	0.99588	1.0E-5	0.47661333333333333	0.9931450000000001	1.0E-5	0.2462133333333333	0.8416291666666668	0.1548466666666667	0.10569000000000002	0.011598333333333342
2650.0	1.0E-5	0.9959133333333333	0.9958533333333334	1.0E-5	0.52923	0.9936766666666667	1.0E-5	0.2475508333333333	0.8402375000000001	0.15740383333333338	0.10699350000000003	0.011755166666666676
2700.0	1.0E-5	0.9958933333333334	0.9957900000000001	1.0E-5	0.498905	0.9930283333333333	1.0E-5	0.24109166666666668	0.8581883333333332	0.16007016666666668	0.11085233333333334	0.012068333333333342
2750.0	1.0E-5	0.9957816666666668	0.9960583333333334	1.0E-5	0.46927666666666673	0.9932250000000001	1.0E-5	0.24493916666666668	0.8763125	0.163506	0.10818483333333336	0.013597166666666674
2800.0	1.0E-5	0.9957533333333334	0.9958616666666665	1.0E-5	0.5241416666666666	0.993845	1.0E-5	0.2403308333333333	0.8901500000000001	0.164388	0.11356133333333339	0.012938833333333344
2850.0	1.0E-5	0.9956800000000001	0.99598	1.0E-5	0.5018516666666667	0.9945983333333334	1.0E-5	0.259685	0.8930308333333334	0.167716	0.1186761666666667	0.012368833333333341
2900.0	1.0E-5	0.9957949999999999	0.9958883333333333	1.0E-5	0.51333	0.995035	1.0E-5	0.24612083333333334	0.9267425	0.17123933333333333	0.11861033333333336	0.01343533333333334
2950.0	1.0E-5	0.9958933333333334	0.9959333333333333	1.0E-5	0.5094666666666666	0.99247	1.0E-5	0.24961416666666666	0.9025508333333333	0.16903400000000002	0.12266383333333335	0.014235833333333342
3000.0	1.0E-5	0.996	0.9957766666666666	1.0E-5	0.48841333333333337	0.9932733333333333	1.0E-5	0.2401433333333333	0.9327958333333332	0.174161	0.12752200000000005	0.013502333333333338
3050.0	1.0E-5	0.9960766666666666	0.9958049999999999	1.0E-5	0.48552166666666663	0.9941016666666668	1.0E-5	0.24084916666666664	0.9294474999999999	0.17544183333333332	0.12689100000000006	0.015048000000000008
3100.0	1.0E-5	0.9958366666666666	0.9958883333333333	1.0E-5	0.5164383333333333	0.99491	1.0E-5	0.25533500000000003	0.9447958333333334	0.17569783333333333	0.1267126666666667	0.014028166666666675
3150.0	1.0E-5	0.9960633333333333	0.9956416666666668	1.0E-5	0.48756	0.9939333333333332	1.0E-5	0.23618916666666667	0.9468241666666667	0.18063050000000003	0.1307181666666667	0.01323883333333334
3200.0	1.0E-5	0.9955733333333333	0.9959366666666667	1.0E-5	0.4824366666666666	0.9946433333333333	1.0E-5	0.2457125	0.9667675	0.18263166666666672	0.129892	0.01493383333333334
3250.0	1.0E-5	0.9959716666666667	0.99574	1.0E-5	0.5141000000000001	0.99437	1.0E-5	0.24405083333333336	0.9685466666666667	0.1837291666666667	0.13452316666666667	0.01602983333333334
3300.0	1.0E-5	0.9957266666666666	0.99595	1.0E-5	0.5280533333333334	0.99365	1.0E-5	0.25583833333333333	0.9740283333333334	0.18786200000000006	0.13790500000000003	0.01601483333333334
3350.0	1.0E-5	0.9960999999999999	0.9958049999999999	1.0E-5	0.5483033333333333	0.9935933333333334	1.0E-5	0.24199666666666667	0.9724816666666666	0.19041933333333336	0.14133583333333335	0.016027166666666672
3400.0	1.0E-5	0.9957050000000001	0.9958450000000001	1.0E-5	0.5105966666666667	0.99375	1.0E-5	0.2557933333333333	0.9766366666666667	0.1908126666666667	0.1394895	0.01621233333333334
3450.0	1.0E-5	0.9958816666666666	0.9958766666666667	1.0E-5	0.5037716666666666	0.99362	1.0E-5	0.2464925	0.9796041666666667	0.19854266666666665	0.1442051666666667	0.016916500000000004
3500.0	1.0E-5	0.9958300000000001	0.9958633333333333	1.0E-5	0.5132599999999999	0.9951383333333332	1.0E-5	0.2530033333333333	0.9875516666666666	0.19737766666666667	0.1461181666666667	0.017325166666666673
3550.0	1.0E-5	0.99594	0.9959316666666668	1.0E-5	0.4778366666666667	0.9932400000000001	1.0E-5	0.23785333333333333	0.9856741666666666	0.1993429999999999	0.15096583333333338	0.01673100000000001
3600.0	1.0E-5	0.9960016666666668	0.9958049999999999	1.0E-5	0.500475	0.9945333333333334	1.0E-5	0.24962583333333332	0.9867616666666668	0.2019696666666666	0.15372766666666665	0.015750166666666673
3650.0	1.0E-5	0.9959033333333333	0.9959066666666666	1.0E-5	0.49665500000000007	0.9941283333333333	1.0E-5	0.24327833333333335	0.9876916666666666	0.20401116666666655	0.1534021666666667	0.01784633333333334
3700.0	1.0E-5	0.9958816666666667	0.9958183333333332	1.0E-5	0.4793866666666666	0.9946283333333333	1.0E-5	0.23679833333333333	0.9871808333333334	0.20457099999999992	0.15329	0.018017166666666674
3750.0	1.0E-5	0.9958483333333333	0.995945	1.0E-5	0.4682766666666667	0.9941766666666666	1.0E-5	0.25633999999999996	0.9877458333333333	0.20846849999999986	0.15763233333333337	0.017768000000000006
3800.0	1.0E-5	0.995975	0.9958316666666667	1.0E-5	0.5134216666666668	0.9941433333333333	1.0E-5	0.24209833333333333	0.9871825	0.20987233333333322	0.1609151666666667	0.018116500000000004
3850.0	1.0E-5	0.99602	0.9958133333333333	1.0E-5	0.53534	0.9934383333333333	1.0E-5	0.2431241666666666	0.987925	0.21167849999999988	0.16282900000000003	0.01905633333333334
3900.0	1.0E-5	0.99616	0.9960733333333334	1.0E-5	0.52491	0.9954366666666666	1.0E-5	0.2362725	0.9886683333333334	0.2170034999999999	0.1678076666666667	0.019363166666666674
3950.0	1.0E-5	0.9959383333333335	0.9959766666666666	1.0E-5	0.5374083333333334	0.9942766666666666	1.0E-5	0.24644333333333335	0.9882141666666667	0.21856199999999992	0.16902633333333336	0.01856933333333334
4000.0	1.0E-5	0.9957783333333333	0.9959866666666667	1.0E-5	0.5215316666666666	0.9944483333333333	1.0E-5	0.24944916666666664	0.9881708333333332	0.21852116666666652	0.17391616666666673	0.019996166666666673
4050.0	1.0E-5	0.9958283333333333	0.9958516666666667	1.0E-5	0.5065500000000001	0.995155	1.0E-5	0.26117583333333333	0.9887991666666668	0.22186383333333323	0.17145816666666672	0.019881166666666675
4100.0	1.0E-5	0.9958983333333333	0.99584	1.0E-5	0.4652133333333333	0.9950133333333332	1.0E-5	0.2482591666666667	0.9891758333333334	0.22688699999999987	0.17416733333333337	0.01956400000000001
4150.0	1.0E-5	0.9960800000000001	0.9960300000000001	1.0E-5	0.4872166666666667	0.9946183333333334	1.0E-5	0.2354875	0.9893408333333333	0.22743333333333324	0.17815316666666667	0.019683666666666672
4200.0	1.0E-5	0.9959916666666667	0.9959333333333333	1.0E-5	0.4913616666666667	0.9947216666666666	1.0E-5	0.254525	0.9885358333333333	0.23326116666666655	0.1786966666666667	0.019108500000000007
4250.0	1.0E-5	0.9959183333333333	0.9959349999999999	1.0E-5	0.48501500000000003	0.9941833333333333	1.0E-5	0.245955	0.9893899999999999	0.23042899999999988	0.18399600000000005	0.021791000000000005
4300.0	1.0E-5	0.9957933333333333	0.9958683333333335	1.0E-5	0.5110416666666667	0.9946433333333333	1.0E-5	0.2507725	0.9892850000000001	0.23369716666666654	0.18192533333333338	0.021139000000000005
4350.0	1.0E-5	0.9958716666666666	0.9960066666666666	1.0E-5	0.527775	0.9946816666666667	1.0E-5	0.24942583333333335	0.9896925	0.23616233333333322	0.18627433333333332	0.021640666666666673
4400.0	1.0E-5	0.9960833333333333	0.9958533333333333	1.0E-5	0.4965333333333333	0.993865	1.0E-5	0.23027416666666667	0.9884275000000001	0.23691049999999994	0.1884301666666667	0.022202166666666672
4450.0	1.0E-5	0.9960433333333333	0.9959716666666667	1.0E-5	0.48453999999999997	0.9946	1.0E-5	0.2335475	0.9881858333333334	0.24043499999999995	0.19067183333333335	0.021520166666666674
4500.0	1.0E-5	0.9959666666666666	0.9959583333333333	1.0E-5	0.52507	0.9944316666666667	1.0E-5	0.25934583333333333	0.9894683333333333	0.2429501666666666	0.19256233333333336	0.021965166666666674
4550.0	1.0E-5	0.9960466666666665	0.9958333333333332	1.0E-5	0.4970016666666666	0.9949150000000001	1.0E-5	0.24418666666666666	0.9896633333333335	0.24376833333333323	0.1939615	0.02214583333333334
4600.0	1.0E-5	0.9959266666666666	0.995695	1.0E-5	0.5112249999999999	0.9943183333333333	1.0E-5	0.25167333333333336	0.9893200000000001	0.2479386666666666	0.19713000000000003	0.02161983333333334
4650.0	1.0E-5	0.9957699999999999	0.9960533333333332	1.0E-5	0.5020133333333333	0.99478	1.0E-5	0.24425666666666665	0.9891391666666668	0.24897549999999993	0.19844699999999993	0.023399500000000007
4700.0	1.0E-5	0.9958566666666666	0.99564	1.0E-5	0.5146816666666667	0.9940233333333334	1.0E-5	0.24695750000000002	0.9887058333333334	0.24901199999999987	0.20440666666666663	0.021443000000000007
4750.0	1.0E-5	0.9959033333333333	0.9960316666666666	1.0E-5	0.5001616666666667	0.9953183333333332	1.0E-5	0.24407	0.9888508333333333	0.25189799999999996	0.20192849999999987	0.023330500000000007
4800.0	1.0E-5	0.9959533333333334	0.9959866666666667	1.0E-5	0.529935	0.9942699999999999	1.0E-5	0.25419166666666665	0.9897891666666667	0.25758016666666655	0.20731849999999982	0.02360133333333334
4850.0	1.0E-5	0.9958933333333334	0.9958633333333333	1.0E-5	0.47511333333333333	0.9947633333333333	1.0E-5	0.2385275	0.98873	0.2575034999999999	0.2071411666666666	0.023831999999999992
4900.0	1.0E-5	0.995915	0.9958933333333334	1.0E-5	0.5312933333333333	0.99469	1.0E-5	0.2646516666666667	0.9895275	0.2614744999999999	0.2094891666666666	0.024487333333333344
4950.0	1.0E-5	0.9960049999999999	0.9959633333333334	1.0E-5	0.4682633333333333	0.9950516666666666	1.0E-5	0.2611441666666667	0.9892041666666666	0.2678726666666666	0.21371099999999987	0.024525999999999992
5000.0	1.0E-5	0.9959616666666666	0.9959283333333334	1.0E-5	0.5164033333333333	0.9949683333333333	1.0E-5	0.24614583333333337	0.9897666666666667	0.26495666666666656	0.21462399999999993	0.02377083333333334
