Gateway 0 Arrival Rate	Simulation App Response Time of 0	Simulation App Response Time of 0	Simulation App Response Time of 1	Simulation App Response Time of 2	Simulation App Response Time of Cloud
0.0	0.39459824269905674	1.566533401781372	0.3925034757907434	235.00081629402106
50.0	0.39475241805584727	1.5663342140751062	0.39251518069045566	235.00113093942468
100.0	0.3953820097757336	1.566681615408078	0.3925345837964411	235.00078240276736
150.0	0.3956512643444211	1.5664293396576823	0.39250762422805885	235.00146342254
200.0	0.3966455687192302	1.5669259072284951	0.39252388123318344	235.00104553728988
250.0	0.3985216503635308	1.566318410967496	0.39252810567811025	235.00109828460148
300.0	0.557715550621851	1.5663899624475952	0.3925618065359854	235.00144572917208
350.0	0.7142752203488564	1.5671916651826234	0.3924925690661879	235.00112340581305
400.0	1.7736368054710716	1.5666233822965447	0.3924794640857245	235.0014960859422
450.0	3.8383531223321783	1.5671414476365069	0.3925236103125044	235.0005418708628
500.0	5.459080677241634	1.5680547353808778	0.3925333545026229	235.00124108364267
550.0	7.822303102715243	1.5694546021187286	0.3925090364375824	235.00166204091215
600.0	10.320036140537283	1.5712768443935254	0.392545266026196	235.00033628465698
650.0	10.757176797113603	1.5721924672646084	0.39251574249161203	235.00114756038747
700.0	13.074931504948433	1.5749133139694054	0.39257709016337505	235.00082299825854
750.0	12.684462288273798	1.5752948058825351	0.39256179658076706	235.0006281051626
800.0	13.415066654523297	1.5819097749829019	0.3925490832598896	235.00083047797904
850.0	15.039770289354498	1.582618426867918	0.39257432165522177	235.00150609835833
900.0	14.957730763913233	1.5874649781914876	0.39258858455782686	235.00067647016658
950.0	16.876377422470252	1.5917584325584735	0.39257820337783633	235.00105111758435
1000.0	16.82874045684433	1.5917304325564525	0.3926156819861374	235.00075055295878
1050.0	17.504231927343152	1.5964769434162283	0.39266527417501745	235.00141897267696
1100.0	17.975673932223174	1.5995142680302286	0.3926629904627475	235.00114546786304
1150.0	17.91313911092346	1.6004334701652556	0.39269495574492164	235.00136034133675
1200.0	18.942753334508204	1.6000878746248326	0.39268185290175	235.00154983544394
1250.0	19.341442209042935	1.6021554493803385	0.3926348143646129	235.00105512889772
1300.0	19.30978156523868	1.5963648372689554	0.39272817388571934	235.00116782076992
1350.0	19.874113080171306	1.5934133640668775	0.39280672181358284	235.0009277702962
1400.0	21.118557484656186	1.5911769941063136	0.392853233289885	235.00060390354832
1450.0	21.286111838227143	1.592660384347692	0.39285775329413214	235.00128705806713
1500.0	20.821694750840287	1.5913680541669808	0.3928513901723982	235.00073224895044
1550.0	22.547930924247954	1.5893980786677817	0.3927878339512433	235.00070248546461
1600.0	22.234598811364968	1.5918271344876995	0.39295794285160957	235.00114745908613
1650.0	23.01464269156766	1.5949427848442668	0.3929234322448268	235.00187424942789
1700.0	23.29891661937781	1.5908288193577298	0.39298078910036904	235.0008798039433
1750.0	23.49774780089359	1.5913158818224755	0.39299404733631094	235.000469280157
1800.0	24.653697429739015	1.5932259035092742	0.39326417366819155	235.0008674335251
1850.0	24.37912943803246	1.587868216288988	0.393110818725898	235.00081205372126
1900.0	25.611695351092273	1.5936833452107753	0.39325059174998345	235.00064826928838
1950.0	25.022035976150857	1.5921139079012623	0.39334526271017856	235.00099968703518
2000.0	25.458926185076226	1.591365867090694	0.3934321463786966	235.00072200445098
2050.0	26.063121439428773	1.5911154108631087	0.39351008086328043	235.00100536302256
2100.0	26.715129027862258	1.5935196374136225	0.39356730130441797	235.00101101872843
2150.0	26.749008319572333	1.5922121962882103	0.3936130165665358	235.00064793510987
2200.0	27.56667653788915	1.5925357958985362	0.39375964122812335	235.0011777500169
2250.0	27.36378289256187	1.5918500761016703	0.39405646629136315	235.0011878473374
2300.0	27.34179414836857	1.592896883316954	0.3942246013118761	235.00077079300087
2350.0	27.988397758097584	1.5960476413249178	0.39430151099642663	235.00081358575017
2400.0	28.292914356529117	1.5907831882565198	0.39426650574449407	235.00122967478973
2450.0	28.38180975939232	1.5931487399031619	0.3947647496049916	235.00087522440217
2500.0	28.880832350839796	1.5940576929604848	0.39482673149496544	235.00068942557164
2550.0	28.509407589175844	1.591932231455464	0.39496026933418793	235.00141050869487
2600.0	29.29781633064697	1.5946546305391849	0.3953563550348692	235.00110320007826
2650.0	30.052523474515777	1.5954527260892342	0.39592232689903606	235.00128162734927
2700.0	29.766288069860718	1.5887129294976483	0.3963578922825871	235.00122505483236
2750.0	30.242541145905296	1.5899298886657973	0.3969773380653223	235.00063901530135
2800.0	30.017009011307643	1.5929258534505943	0.39738902257566733	235.00122282984572
2850.0	30.496149023280218	1.5925202416771387	0.3983023438989811	235.00105288297172
2900.0	30.325952477001522	1.5906899015270912	0.3991269226159419	235.00062741191354
2950.0	30.49388126690455	1.5922802306002126	0.39946562268601715	235.00029623294867
3000.0	31.811499138737673	1.593017113676772	0.3995935042225073	235.0011003783065
3050.0	31.285755884114423	1.593696983144279	0.40114843106402515	235.0013665184325
3100.0	30.939525988256086	1.5969106863964764	0.4024216413582601	235.00158479360135
3150.0	31.885851548586636	1.593271691279067	0.40351824790982765	235.00104173014802
3200.0	31.95776285508735	1.592741256334523	0.4043781041252748	235.00078416210948
3250.0	32.59925761770777	1.5952665315806598	0.4055086901880691	235.0011182048566
3300.0	32.04099682596244	1.5956204080625311	0.4052369070090072	235.00091137263107
3350.0	32.29788866120385	1.5923931679989727	0.4074384254423305	235.00098868783797
3400.0	32.92393189750352	1.5949274476281041	0.40794799317793523	235.00069247861128
3450.0	33.1559729359892	1.5970985251380325	0.4077751286574953	235.00185021579054
3500.0	33.228366983831165	1.593912178802279	0.40842691981784124	235.00062448925092
3550.0	33.11256346770837	1.5934783406829145	0.4092660480858538	235.0007697911983
3600.0	33.16879037123888	1.5958050415742948	0.4087038871460069	235.00144161247914
3650.0	33.461554996016254	1.5946680420806205	0.4097697797452128	235.00117653857177
3700.0	33.58419714455154	1.5963071278869434	0.4100310960107746	235.00050352154167
3750.0	34.17761905104943	1.595739241155124	0.41052658849961005	235.00109858503032
3800.0	33.89361095204141	1.5981363820022312	0.41055680037808084	235.00131451098582
3850.0	34.430102138598905	1.5952564743860784	0.4100775274539529	235.00043385355502
3900.0	34.73049065961989	1.597068182403119	0.4106940052341971	235.00175121287037
3950.0	34.52122687677252	1.5952024608849504	0.41096881815221736	235.0009416107906
4000.0	34.43502233053271	1.5951462557740903	0.41080950800469473	235.00061811128256
4050.0	34.94457894096662	1.5927635137680831	0.41037198704774014	235.00105639407357
4100.0	34.84491443521248	1.5938569715285518	0.41082144057049313	235.00060931439006
4150.0	35.685907752305745	1.5963589924436417	0.410076697707405	235.00084733992412
4200.0	35.4903989806502	1.5942652073895336	0.4099540762554358	235.00156516993903
4250.0	35.90616613329378	1.5952708323799096	0.4102877807208337	235.00111468784385
4300.0	36.589992846287615	1.5998361504129144	0.4112089219731721	235.00122777022352
4350.0	37.20798018469684	1.5954603271457364	0.41067529231796324	235.00098888979315
4400.0	36.95386204149082	1.5975507670030422	0.4109090067446589	235.00105214510054
4450.0	37.033981751868666	1.5964175357667578	0.41053493941928904	235.00063268416716
4500.0	38.31835078904128	1.5995246082671768	0.41005469906182235	235.000641731474
4550.0	38.29627831274937	1.5952096531725803	0.4113787308505584	235.0007676692273
4600.0	38.337410746640856	1.5947715687103963	0.41043176200401177	235.0014113753924
4650.0	38.97669654919362	1.59761506867757	0.41002796107727796	235.00118812020574
4700.0	38.752654316807444	1.5943956213784103	0.41115880791889287	235.00105544355816
4750.0	39.532854589507494	1.598666748874219	0.41127754779405923	235.00118540861848
4800.0	39.667743100862936	1.5984186822875412	0.4113175183442731	235.00074150392567
4850.0	40.17643073883973	1.5970696102172193	0.41114096750789136	235.0012429514148
4900.0	40.42976581804597	1.596055923411847	0.4104648512196142	235.000811875016
4950.0	40.96527699920752	1.597219418301719	0.4108449413890297	235.0009680895589
5000.0	41.9083529767615	1.5983948895103868	0.4114278260065486	235.00136051218004
1800.0	24.25892601005068	1.591689262027841	0.39307047704932785	235.00199603907262
1850.0	24.18350581623431	1.5864629928922702	0.39286229525037897	235.0008561103657
1900.0	25.10466420663094	1.5919540176459654	0.39311588254226226	235.00103663302303
1950.0	25.48500930166709	1.583829824132938	0.39329007806635463	235.00087777627857
2000.0	26.887379450945907	1.597719108362147	0.39339679811588496	235.00122117714852
2050.0	27.709186100375867	1.5906699391457044	0.3936415226840061	235.00092415567286
2100.0	25.31166604836819	1.585489071883633	0.39329924694283325	235.00080547868953
Gateway 0 Arrival Rate	Simulation App Response Time of 0	Simulation App Response Time of 0	Simulation App Response Time of 1	Simulation App Response Time of 2	Simulation App Response Time of Cloud
0.0	0.39323046025474734	1.5669097963321088	0.39255591673666035	235.00134587036663
50.0	0.3949908933216452	1.566205926975183	0.39246568965272893	235.0014686630207
100.0	0.3953034042600332	1.5665340864944568	0.392562581147492	235.00134265640943
150.0	0.39577239779934215	1.5666511095776467	0.3925439244174771	235.00078540652314
200.0	0.396566813613243	1.5660707960587184	0.3924581968579024	235.0003402350177
250.0	0.398936461958104	1.566521651962055	0.3924318729443362	235.00120013271513
300.0	0.40731084241580856	1.5666931545313636	0.3925137603675248	235.0011024604852
350.0	0.5198157473944971	1.5667359103672045	0.392551018102319	235.0009497474894
400.0	1.0404358738133375	1.5665555473599293	0.39253173192280544	235.0010504653335
450.0	5.305839886798698	1.5679819437488867	0.3925578677076267	235.00155767663102
500.0	5.896730692872391	1.5679136757555174	0.39244732645682695	235.00027524786273
550.0	8.461828316537034	1.5685998948775992	0.39255660463778863	235.001560491429
600.0	8.312656213646468	1.5697571884207144	0.3925229206278509	235.00059690069773
650.0	9.685331810040713	1.5724752463289322	0.39245851693499234	235.0007327080106
700.0	13.014994857844826	1.5754190325312944	0.3925522071970686	235.00114227403847
750.0	12.73113314002002	1.5749101007325672	0.39255692877631204	235.00108094627637
800.0	13.626172572253877	1.5803081634239105	0.39257059603689104	235.00046618523857
850.0	14.374413051114376	1.578995317948954	0.39252447018711223	235.00099615605765
900.0	16.53657340734037	1.586663639954611	0.39258743564880133	235.0004849025436
950.0	16.739788721993886	1.5884642312754156	0.3926026864061855	235.00089562270512
1000.0	17.399511105833508	1.595781279154375	0.3925882707902714	235.00075400877822
1050.0	18.114734928063445	1.5989581628337826	0.39265407783038303	235.00123275471898
1100.0	17.30878471994497	1.596822485543921	0.3926081119993376	235.00060494022583
1150.0	19.41327112348288	1.5986641156247412	0.3925655824916061	235.00069154529817
1200.0	19.517710103079956	1.6010538904452567	0.39265681877298647	235.00066355764292
1250.0	19.916728286742217	1.5968706344804018	0.3927384879134737	235.00062546385288
1300.0	18.185896602922828	1.596578396084511	0.39278020352167053	235.00050573237684
1350.0	19.84519901833777	1.5950369184592574	0.39278747633530897	235.00285989790612
1400.0	19.67931954286387	1.589786230482469	0.39280266168976685	235.0009388041657
1450.0	20.230561332261402	1.5910813825005679	0.3927022012317674	235.0018276670988
1500.0	21.033659015635	1.587800616884471	0.39290548579296186	235.001692093658
1550.0	22.44370347360868	1.592064593099968	0.39273726352488053	235.00113553685142
1600.0	23.05623201620639	1.5854881084851833	0.39303980829090496	235.00091870156123
1650.0	23.600230641470564	1.5911844983254617	0.3930618837880638	235.00112890218801
1700.0	23.598383396422605	1.5835741174202553	0.3930005791197006	235.00072177968488
1750.0	22.778265021176136	1.5888593807474318	0.39299527641560844	235.00120168156715
1800.0	23.990933822136515	1.5813411045522756	0.393264024287121	235.00047747012044
1850.0	23.737897102142167	1.5851635276333151	0.3931589752018727	235.00053752434624
1900.0	24.754033248734384	1.5852897218329842	0.39328343533471183	235.00071365364184
1950.0	24.929365132091107	1.586296583622552	0.3934344246348396	235.00061654451392
2000.0	25.893252483961334	1.5890280250791033	0.39311146926936164	235.00093770405906
2050.0	26.00995583680556	1.5874097046220428	0.39316286869017203	235.00091109147453
2100.0	25.821777471434768	1.5853872789871446	0.3935299251997886	235.00020870100448
2150.0	27.4209211167003	1.5851424074962361	0.3933692802781214	235.00068169526958
2200.0	26.62805197482538	1.5894251642297759	0.3942057046958092	235.0006156780842
2250.0	27.730497017084513	1.5892011099047068	0.39388045273379796	235.000650698631
2300.0	26.76393024512859	1.5836234219123766	0.39386674196950294	235.0005513296777
2350.0	27.57309427355071	1.5856135860602427	0.3947878194093241	235.0010292537269
2400.0	28.735731538290562	1.5884077477096665	0.3942067029573198	235.00076444076674
2450.0	27.11351726930018	1.5843933045604557	0.39506289774972875	235.00062666968816
2500.0	28.014662934803937	1.5832789889085606	0.3951792799465186	235.00063399320075
2550.0	28.822599367142303	1.5904751776928812	0.39518551043391614	235.0018712101711
2600.0	29.663413571817937	1.588271598735932	0.3951429051894731	235.00339087560045
2650.0	30.23046503568163	1.5927730993126346	0.39510885089119707	235.00084969573587
2700.0	29.140452895376992	1.596427900542299	0.3958769169619609	235.00072568549868
2750.0	30.37561087573499	1.595322280351012	0.39636033957012473	235.00057459037802
2800.0	30.572143944860468	1.5902880612248136	0.39708394758726134	235.00049296896555
2850.0	29.90996968106676	1.5925448211800406	0.39721099278435384	235.0011879605241
2900.0	31.206948592137937	1.5850911730394375	0.39995150329530044	235.00147699341554
2950.0	31.65185066446324	1.5909859179404444	0.39777515721387785	235.0021118239105
3000.0	30.549823188056866	1.5858426299289288	0.39982787459389035	235.0027914216987
3050.0	32.74844932141135	1.5952724985001385	0.4001599508956714	235.00199995458766
3100.0	31.26112020905862	1.5883538645150999	0.4012038329979754	235.00068609424568
3150.0	30.205100928807173	1.5848440848277907	0.4016143061981234	235.0008007625479
3200.0	31.791306302950073	1.587490308450347	0.40287118337712874	235.00051196575535
3250.0	32.26061416719814	1.5846640895468962	0.4033946774004373	235.00080071182063
3300.0	32.55048272654748	1.589095845682472	0.4045096957961003	235.0010766490549
3350.0	32.39661266593411	1.592951237146081	0.4067172412297215	235.0010750746013
3400.0	32.445951419563606	1.590504075773877	0.40790190799828435	235.0006382513732
3450.0	33.412330294985345	1.589824850974236	0.40617181974933364	235.00106200290733
3500.0	33.55626344968717	1.5893759936125933	0.40823436946932273	235.00033243641676
3550.0	32.56218150489828	1.592022521303391	0.40811720067196716	235.0011949352144
3600.0	31.81309669795637	1.5923839119506527	0.4109229030818507	235.00072882916723
3650.0	33.20345077736855	1.5881463253083619	0.4090142731609771	235.0009966671677
3700.0	34.16494453927803	1.592897369152231	0.4096903833017964	235.00150870142056
3750.0	33.14469218884853	1.5898199516924054	0.41058794456443404	235.00066496657055
3800.0	33.66799397202184	1.5822132840519858	0.41017709278534936	235.0012700161932
3850.0	34.88372081847623	1.593183992295703	0.4102203865387235	235.00025863919066
3900.0	34.249953601640215	1.5873501065282067	0.41029988826905056	235.0007206401831
3950.0	34.24715560866151	1.5961024616799027	0.4096655191113627	235.000928083238
4000.0	35.50425503633179	1.5934639857307031	0.410822349459483	235.0011923547731
4050.0	35.05448057480153	1.5907582583260254	0.40907754416079745	235.00024082443747
4100.0	34.81593228035941	1.5811974356285756	0.40953932445681035	235.0008284942791
4150.0	35.30118928740744	1.5925867869417336	0.4089358538865005	235.0006277849294
4200.0	34.702677823589035	1.5833522138882534	0.4087630284439201	235.00077163283723
4250.0	37.25808496911147	1.5880286039706812	0.40778661758285084	235.00052937021883
4300.0	37.61327926095553	1.5950084895230052	0.4090633110829846	235.000647225458
4350.0	37.42425011063431	1.590555331214799	0.4084982922098577	235.0005401953458
4400.0	37.79451121676553	1.5889771329665257	0.4084546222247471	235.0012656594259
4450.0	37.55674505399197	1.5902303755816716	0.40767690153959246	235.00126291983918
4500.0	38.14454208199394	1.590836200213537	0.4078586177477077	235.0013545513285
4550.0	38.304324458765514	1.5905792991359256	0.40942259100505424	235.00085732281897
4600.0	37.9357703115105	1.5974485549162498	0.4087877723449243	235.00137077405145
4650.0	40.13737290326501	1.5863720022167727	0.40788471623568423	235.0005673807963
4700.0	37.149142631000736	1.5920919097800967	0.4089551227223452	235.00087642000236
4750.0	39.431573316517635	1.5859115225859626	0.4092678683881496	235.00123418947632
4800.0	40.54938736543864	1.5955014276181547	0.4092136247694991	235.00053880598418
4850.0	40.26317085055887	1.5885366098441474	0.40729726378541753	235.00018475376638
4900.0	41.28381399373254	1.5914932551019982	0.41130108873739096	235.00091893514596
4950.0	41.251444834922175	1.5901674491635511	0.40845710887727155	235.00127823750458
5000.0	40.33729937085648	1.5827086836701199	0.4092130164772512	235.00110964347746
