Gateway 0 Arrival Rate	Pure Cloud Buffer Occupancy Efficiency of 0	Next Hop Buffer Occupancy Efficiency of 0	Probabilistic DF Buffer Occupancy Efficiency of 0	Pure Cloud Buffer Occupancy Efficiency of 1	Next Hop Buffer Occupancy Efficiency of 1	Probabilistic DF Buffer Occupancy Efficiency of 1	Pure Cloud Buffer Occupancy Efficiency of 2	Next Hop Buffer Occupancy Efficiency of 2	Probabilistic DF Buffer Occupancy Efficiency of 2	Pure Cloud Buffer Occupancy Efficiency of Cloud	Next Hop Buffer Occupancy Efficiency of Cloud	Probabilistic DF Buffer Occupancy Efficiency of Cloud
0.0	0.0	3.5550000000000004E-5	5.755E-5	0.0	0.06604805	0.0655954	0.0	0.02566905	0.025015199999999998	0.0029916549999999997	5.85E-7	1.03E-6
50.0	0.0	0.013236499999999998	0.01170885	0.0	0.06671170000000001	0.06310585	0.0	0.02491545	0.02449055	0.0032237950000000002	7.45E-7	1.425E-6
100.0	0.0	0.027143950000000007	0.0276764	0.0	0.06762900000000001	0.0657682	0.0	0.0248006	0.025140625	0.00355363	9.399999999999998E-7	9.95E-7
150.0	0.0	0.0466622	0.04354845	0.0	0.06448465	0.06432835	0.0	0.024727275	0.02435125	0.003797135	1.2199999999999998E-6	1.8449999999999997E-6
200.0	0.0	0.062451400000000004	0.0662752	0.0	0.0694601	0.0705413	0.0	0.025663000000000002	0.024898399999999998	0.004078925	1.41E-6	1.325E-6
250.0	0.0	0.0993609	0.11007665	0.0	0.062225850000000006	0.0631187	0.0	0.025138749999999998	0.0259233	0.0043987900000000005	1.11E-6	1.385E-6
300.0	0.0	0.1769568	0.17412965	0.0	0.06474415	0.06461360000000001	0.0	0.025146574999999997	0.025085075000000002	0.00458745	7.749999999999999E-7	2.715E-6
350.0	0.0	0.26203965	0.27789070000000005	0.0	0.06862925	0.07482265000000002	0.0	0.024619225	0.02496505	0.00494	7.419999999999998E-6	4.885E-6
400.0	0.0	0.46179745	0.5003532500000001	0.0	0.06778085	0.07124475	0.0	0.025649075	0.025012125000000003	0.005090755	6.958E-5	1.319E-5
450.0	0.0	0.60881835	0.7220574	0.0	0.069588	0.08266425000000001	0.0	0.024847975	0.027036825000000004	0.00529032	2.09535E-4	2.9615E-5
500.0	0.0	0.82868455	0.8118709500000001	0.0	0.06722205	0.0981306	0.0	0.025077575	0.028114500000000004	0.005501755	5.55785E-4	4.8280000000000005E-5
550.0	0.0	0.8556430500000001	0.84708305	0.0	0.07509449999999998	0.12691784999999997	0.0	0.025178375000000003	0.029053275	0.005842685	7.115800000000001E-4	8.107000000000001E-5
600.0	0.0	0.8955417500000001	0.90092415	0.0	0.06553460000000001	0.16643555	0.0	0.0254114	0.031617125	0.006125355000000001	0.001023775	1.2204499999999999E-4
650.0	0.0	0.91870995	0.9166435999999999	0.0	0.07003455	0.19391725	0.0	0.025936874999999998	0.03232742500000001	0.006367775000000001	0.0013104749999999997	1.4735E-4
700.0	0.0	0.9272855	0.92775335	0.0	0.06711779999999999	0.24676299999999998	0.0	0.024499475	0.0340911	0.00645605	0.00146049	1.9064E-4
750.0	0.0	0.9340697	0.93520465	0.0	0.06923185000000001	0.2703862	0.0	0.025192324999999998	0.035334025000000005	0.006737265000000001	0.0016906399999999998	1.8839999999999997E-4
800.0	0.0	0.9439976	0.9412489500000001	0.0	0.0704564	0.41586914999999997	0.0	0.025243474999999998	0.03627	0.00708019	0.0019128300000000001	2.06485E-4
850.0	0.0	0.9511931499999999	0.95244815	0.0	0.06742189999999999	0.44469975	0.0	0.025442025	0.03797665	0.00735966	0.00226215	2.34445E-4
900.0	0.0	0.95562975	0.95329675	0.0	0.06649804999999999	0.568895	0.0	0.025410875	0.040142175	0.007511205	0.002480115	2.7445E-4
950.0	0.0	0.9601713000000001	0.9597766	0.0	0.06605114999999999	0.6789978999999999	0.0	0.02468525	0.04206885	0.007785485	0.0027475100000000008	3.2363999999999993E-4
1000.0	0.0	0.9651607	0.9617869500000001	0.0	0.06980945000000001	0.6950099	0.0	0.025454725000000004	0.04364875	0.008046939999999999	0.0029717800000000003	3.37265E-4
1050.0	0.0	0.9646043499999999	0.9653845499999999	0.0	0.067331	0.8151552499999999	0.0	0.0250964	0.045409750000000006	0.008300275	0.003186225	3.6444000000000005E-4
1100.0	0.0	0.968028	0.9687886499999999	0.0	0.0669191	0.86492915	0.0	0.02501715	0.047398675	0.008631245	0.0034543199999999994	4.055400000000001E-4
1150.0	0.0	0.9696905499999999	0.9710693499999999	0.0	0.06690135	0.8992962	0.0	0.024657825	0.049709949999999996	0.008724895	0.0036840600000000003	4.0849500000000004E-4
1200.0	0.0	0.9728289999999999	0.9726703000000001	0.0	0.06656229999999999	0.9118567500000001	0.0	0.0248515	0.050873975	0.00893495	0.003974755000000001	4.69155E-4
1250.0	0.0	0.97408865	0.9735687000000001	0.0	0.06456205000000001	0.9492805000000001	0.0	0.02494775	0.051197475000000006	0.00915641	0.004140110000000001	4.6782999999999997E-4
1300.0	0.0	0.9748554500000001	0.9757599500000002	0.0	0.06366485	0.9632248999999999	0.0	0.025117425	0.0543843	0.00937109	0.00441639	4.99935E-4
1350.0	0.0	0.9779449999999998	0.9762697499999999	0.0	0.06334890000000001	0.9737825000000001	0.0	0.0255266	0.056322300000000006	0.00972631	0.004678839999999999	5.3832E-4
1400.0	0.0	0.9774309000000001	0.9780505999999999	0.0	0.0682464	0.9883336	0.0	0.025306174999999997	0.06188932500000001	0.01011032	0.004968934999999999	5.96675E-4
1450.0	0.0	0.9787058999999999	0.9791003	0.0	0.06834140000000001	0.9857813	0.0	0.024957675000000002	0.06263127500000001	0.010302450000000001	0.00517553	5.90685E-4
1500.0	0.0	0.9798001000000001	0.9799105499999999	0.0	0.0640212	0.9856793999999999	0.0	0.02419475	0.06375845000000001	0.010538345000000001	0.005437405	5.9152E-4
1550.0	0.0	0.9809739000000001	0.98137385	0.0	0.06415850000000001	0.9883759	0.0	0.02541005	0.06430235	0.010779815000000002	0.005632115	6.5657E-4
1600.0	0.0	0.9811938	0.9814465000000002	0.0	0.07037	0.9891898000000001	0.0	0.02502205	0.069045175	0.010993615	0.006019095	6.6727E-4
1650.0	0.0	0.9827824	0.9817314500000001	0.0	0.06849730000000001	0.98975905	0.0	0.025329249999999998	0.0712048	0.011241255	0.00613551	7.1724E-4
1700.0	0.0	0.98308285	0.98333165	0.0	0.06711639999999999	0.9894353499999999	0.0	0.0251534	0.0751078	0.011416454999999999	0.006471034999999998	7.26615E-4
1750.0	0.0	0.9834398500000001	0.9831217500000001	0.0	0.0718721	0.9912699500000001	0.0	0.025463725	0.07533102500000001	0.01164716	0.006645714999999999	7.3726E-4
1800.0	0.0	0.9844343999999999	0.9845730500000001	0.0	0.06731909999999999	0.9913724	0.0	0.02509215	0.083051725	0.01186854	0.006900155	8.054399999999999E-4
1850.0	0.0	0.9849473	0.98442785	0.0	0.06440775000000001	0.9908119	0.0	0.02495435	0.08082195	0.01218007	0.0071509799999999995	8.171649999999999E-4
1900.0	0.0	0.9855698500000001	0.9854692500000001	0.0	0.06764475	0.9906157999999999	0.0	0.024843275	0.08771962500000001	0.012587635	0.00733196	8.3456E-4
1950.0	0.0	0.9853249	0.9856252999999999	0.0	0.07029955	0.9916292500000001	0.0	0.024883875	0.09106315000000001	0.012607085	0.007542355000000001	8.732050000000002E-4
2000.0	0.0	0.98596985	0.9860714500000001	0.0	0.0711475	0.9904282500000001	0.0	0.02605835	0.0948917	0.01299676	0.007774085	8.95425E-4
2050.0	0.0	0.9865910500000001	0.9867234249999999	0.0	0.066408125	0.9936184750000001	0.0	0.025259962500000004	0.0997368	0.013181314999999999	0.008113205	9.336924999999999E-4
2100.0	0.0	0.9869404249999999	0.9872954500000001	0.0	0.07049445	0.9928908	0.0	0.025180225	0.10462402499999998	0.013372884999999998	0.0082544275	9.72065E-4
2150.0	0.0	0.987053175	0.987739275	0.0	0.069162925	0.9923092249999999	0.0	0.025041799999999996	0.10650863750000002	0.013699040000000001	0.0085940275	9.612300000000001E-4
2200.0	0.0	0.9877652749999999	0.987495025	0.0	0.06455920000000001	0.9931648500000001	0.0	0.025180225	0.11189281250000001	0.013884974999999999	0.008887077499999998	0.00102701
2250.0	0.0	0.98827025	0.9877171499999999	0.0	0.065639575	0.9928354	0.0	0.025155699999999996	0.12409367499999999	0.0141033975	0.0090517225	0.0010363675
2300.0	0.0	0.988449825	0.9880292000000003	0.0	0.06926465	0.993968525	0.0	0.025323324999999997	0.1319856	0.014329620000000001	0.009265720000000002	0.0010592975
2350.0	0.0	0.9886924	0.9888713499999998	0.0	0.06569305	0.9946517499999998	0.0	0.0256214875	0.13598392499999998	0.0146023975	0.009566367499999999	0.0010790099999999998
2400.0	0.0	0.9892076249999999	0.9890717	0.0	0.069140075	0.9944621250000001	0.0	0.025535524999999996	0.1365215	0.014835565	0.009711864999999998	0.00108387
2450.0	0.0	0.9891076000000002	0.9895176999999998	0.0	0.068766725	0.99442505	0.0	0.025240712499999995	0.15547332500000002	0.015095807499999999	0.010039429999999998	0.0011155149999999999
2500.0	0.0	0.989740175	0.9894473499999998	0.0	0.06653117499999998	0.9944544499999999	0.0	0.0254934125	0.1603462375	0.015387834999999999	0.010229779999999999	0.0011873425000000003
2550.0	0.0	0.98986635	0.9897935	0.0	0.0668917	0.9950924749999999	0.0	0.025576737499999995	0.16622132500000003	0.015533402499999998	0.010455915	0.0011744575
2600.0	0.0	0.990095425	0.9901442750000001	0.0	0.06371095	0.9951910999999999	0.0	0.024997750000000003	0.18417849999999997	0.015836850000000003	0.010765212500000001	0.001202905
2650.0	0.0	0.9904937250000001	0.9902520499999999	0.0	0.0654002	0.99510475	0.0	0.025344125000000002	0.20772655	0.01601027	0.010978325	0.0012596025
2700.0	0.0	0.990443125	0.99068375	0.0	0.0645191	0.9942738999999999	0.0	0.025381900000000002	0.22515054999999995	0.016283739999999998	0.011214895	0.0012646250000000001
2750.0	0.0	0.9903074500000001	0.99089875	0.0	0.06762125	0.994763725	0.0	0.025040712499999996	0.2514941	0.01649072	0.0114279875	0.0013120100000000002
2800.0	0.0	0.9906522750000001	0.990713975	0.0	0.06507152499999999	0.9954769249999998	0.0	0.024830037499999996	0.26798625	0.0168303375	0.01175392	0.0013143075
2850.0	0.0	0.9911909000000001	0.99141855	0.0	0.06646755	0.9953779500000002	0.0	0.025151737500000004	0.3131408625	0.016979677500000002	0.0118887275	0.0013539425
2900.0	0.0	0.991283975	0.990971225	0.0	0.06545142500000001	0.9952542	0.0	0.025236675000000004	0.3487007875	0.0173012125	0.012274985	0.001356795
2950.0	0.0	0.9911566	0.991400975	0.0	0.06691032499999999	0.995029325	0.0	0.0250073125	0.3667795625	0.017410752499999998	0.012435309999999998	0.0013737475
3000.0	0.0	0.991619425	0.9916485250000001	0.0	0.069451525	0.9955784	0.0	0.0253557125	0.3753649	0.017725527499999998	0.012591395	0.0014620675
3050.0	0.0	0.99162325	0.9916044999999999	0.0	0.063590775	0.995464725	0.0	0.02478725	0.4484069625	0.017963564999999997	0.012833222500000002	0.0014605274999999998
3100.0	0.0	0.9919470249999998	0.992016625	0.0	0.06622682499999999	0.995899075	0.0	0.025128700000000004	0.5044554499999999	0.01808431	0.013114905	0.0014637500000000002
3150.0	0.0	0.9921272	0.992115575	0.0	0.0683634	0.9960958249999999	0.0	0.025024487500000005	0.5514884499999999	0.018381057500000002	0.013436275000000001	0.0014870800000000002
3200.0	0.0	0.9921907750000001	0.9922544250000002	0.0	0.06964907500000002	0.9965459750000001	0.0	0.0259099125	0.601066125	0.01876677	0.013652932500000001	0.00155914
3250.0	0.0	0.99249785	0.992149175	0.0	0.06803717499999999	0.99616115	0.0	0.025109512499999997	0.6554784	0.0188820575	0.0138033675	0.0016099950000000001
3300.0	0.0	0.9924815499999999	0.9923707499999999	0.0	0.064963425	0.9959501749999999	0.0	0.02488665	0.6565600125000001	0.019227297499999997	0.014018307500000002	0.0015872075000000004
3350.0	0.0	0.9927151249999999	0.9926293749999999	0.0	0.06483625000000001	0.9954628999999999	0.0	0.025311374999999997	0.7492701249999999	0.019373105	0.014409902499999998	0.0016019349999999999
3400.0	0.0	0.9927280749999999	0.99288455	0.0	0.062446049999999996	0.996819075	0.0	0.0251147625	0.7746543375	0.019633240000000003	0.014646287499999999	0.0016638425000000002
3450.0	0.0	0.9927833999999999	0.992818675	0.0	0.06641702499999999	0.9964120249999999	0.0	0.025620650000000002	0.77976785	0.0198844175	0.014715127500000003	0.0017055725
3500.0	0.0	0.9929967749999999	0.99281185	0.0	0.066886625	0.9961113749999999	0.0	0.025132875	0.8048537	0.020130494999999998	0.0151422275	0.00168841
3550.0	0.0	0.9932634250000001	0.992996375	0.0	0.06365314999999999	0.996668	0.0	0.024896924999999997	0.8461563249999999	0.020253559999999997	0.015267287499999999	0.0017113025
3600.0	0.0	0.9932192000000001	0.9930691749999999	0.0	0.067464525	0.996632275	0.0	0.025046812499999994	0.847965475	0.020505009999999997	0.01551739	0.0017380275
3650.0	0.0	0.9932196000000001	0.99326805	0.0	0.06863215000000002	0.9962624499999999	0.0	0.024966637500000003	0.88895985	0.02093797	0.015612569999999997	0.001785055
3700.0	0.0	0.9934558499999999	0.9933084500000001	0.0	0.067792875	0.9966932750000002	0.0	0.025502075000000003	0.8944145500000001	0.02115732	0.016005187499999997	0.001822435
3750.0	0.0	0.99372145	0.9935009749999999	0.0	0.06442155	0.99638405	0.0	0.025357925000000003	0.9140062624999998	0.0211799675	0.0161524875	0.0018684550000000002
3800.0	0.0	0.9935240500000001	0.9935183000000002	0.0	0.06360805	0.9966325249999999	0.0	0.025370725	0.9256799749999999	0.021378585	0.0164907625	0.0018705524999999997
3850.0	0.0	0.9937742	0.9936241499999999	0.0	0.07030872499999999	0.9968870249999998	0.0	0.025281975	0.9403954374999998	0.021714854999999998	0.0167914475	0.001884575
3900.0	0.0	0.9937939	0.9939492999999999	0.0	0.06552547500000001	0.9968603999999999	0.0	0.024911225000000002	0.9524138500000001	0.021981602500000003	0.01686867	0.0019671825
3950.0	0.0	0.9938149000000001	0.9939813	0.0	0.069822525	0.9965885999999999	0.0	0.0250991625	0.9634223250000001	0.02217712	0.0171128125	0.0019239800000000005
4000.0	0.0	0.993850125	0.993867925	0.0	0.06977735	0.99702415	0.0	0.02495265	0.969652325	0.022343812499999997	0.017396735	0.001940335
4050.0	0.0	0.993933825	0.9941194249999998	0.0	0.06852197499999998	0.9969800249999998	0.0	0.025301924999999996	0.9764575500000001	0.0228011125	0.0174826125	0.00199904
4100.0	0.0	0.9941412249999999	0.9942283250000001	0.0	0.06599352500000001	0.9971138750000001	0.0	0.025430875000000002	0.98156505	0.022868772500000002	0.017738112499999997	0.001995605
4150.0	0.0	0.9943087500000001	0.994069425	0.0	0.071654925	0.9969554	0.0	0.024979275000000002	0.9820330875	0.023246765	0.01809255	0.0020719824999999997
4200.0	0.0	0.9943881249999998	0.9942410249999998	0.0	0.06928265	0.9970503	0.0	0.025092162500000004	0.9836847125	0.023432292500000004	0.0183432425	0.0020455925
4250.0	0.0	0.9941345	0.9943463000000001	0.0	0.06604615	0.9971029	0.0	0.025451974999999998	0.9863061	0.023487202500000002	0.018518562499999995	0.0021001775000000006
4300.0	0.0	0.9944156249999999	0.994440475	0.0	0.0661583	0.9971781	0.0	0.0256121875	0.99039515	0.0237305875	0.0187895225	0.0021124175
4350.0	0.0	0.9944779499999999	0.9945946250000001	0.0	0.06671782499999998	0.9969976	0.0	0.025074450000000005	0.9890950000000001	0.023950372500000004	0.018943225	0.0021763325
4400.0	0.0	0.994524425	0.994434175	0.0	0.065713675	0.9970186	0.0	0.025303862499999996	0.9914141500000001	0.024312680000000003	0.019182115	0.0021938725
4450.0	0.0	0.9947423000000001	0.9945561499999999	0.0	0.06813784999999999	0.9974930500000001	0.0	0.025148625	0.9916792624999999	0.0244423125	0.0194375125	0.0021681825
4500.0	0.0	0.9947531	0.9947617499999998	0.0	0.07012697500000001	0.9976227000000002	0.0	0.0254156125	0.9894356249999999	0.024710897500000002	0.0197292975	0.00224839
4550.0	0.0	0.99475035	0.9948116499999999	0.0	0.06627232499999999	0.9976023750000002	0.0	0.025244237500000006	0.9909103875000002	0.025056077500000003	0.01984748	0.0022505924999999998
4600.0	0.0	0.9948010249999999	0.9948927750000001	0.0	0.0650848	0.9972524	0.0	0.0256919	0.9905589499999999	0.025137852499999995	0.020135767500000006	0.002259835
4650.0	0.0	0.9948845000000001	0.99489855	0.0	0.064569625	0.9972848750000001	0.0	0.024819637500000002	0.9894362624999999	0.025388935	0.02034504	0.0023010075
4700.0	0.0	0.9950782	0.9949058999999998	0.0	0.06717559999999997	0.9974661250000001	0.0	0.024714237499999996	0.992911675	0.0256041925	0.0206072775	0.0023127325
4750.0	0.0	0.99496285	0.9949509750000001	0.0	0.06907730000000001	0.9973015250000001	0.0	0.0251670375	0.9926897875	0.025846940000000002	0.020797262500000004	0.002363415
4800.0	0.0	0.9951300750000002	0.9950680499999999	0.0	0.07270362500000001	0.9976928749999999	0.0	0.0245071375	0.991803025	0.026129887499999997	0.021046025	0.0023644575000000005
4850.0	0.0	0.995141075	0.9951706	0.0	0.06282164999999999	0.9976262250000001	0.0	0.025237799999999998	0.992690125	0.0263277275	0.021374565000000005	0.0024055325
4900.0	0.0	0.9951663249999999	0.9951126499999999	0.0	0.0658026	0.9973696249999999	0.0	0.024437087500000003	0.9923256250000001	0.02651894	0.0215344425	0.00240789
4950.0	0.0	0.9951705250000001	0.9951586500000001	0.0	0.06633439999999999	0.997495925	0.0	0.025304350000000003	0.992307225	0.0268884375	0.0217925075	0.0024715925
5000.0	0.0	0.995290325	0.9954093499999999	0.0	0.06584142500000001	0.9976651999999999	0.0	0.024919700000000003	0.9932527250000002	0.027091159999999996	0.0218813775	0.002494835
1800.0	0.0	0.984165	0.98112075	0.0	0.0623175	0.9831719999999999	0.0	0.025635	0.07900725	0.012116700000000001	0.007130425	7.6435E-4
1850.0	0.0	0.98399125	0.98232075	0.0	0.0683675	0.98889825	0.0	0.02503075	0.075652	0.01231665	0.00752375	8.17275E-4
1900.0	0.0	0.98476125	0.9844342500000001	0.0	0.0742945	0.9846459999999999	0.0	0.025833750000000003	0.085066375	0.012525625	0.007329475	8.51525E-4
1950.0	0.0	0.98377575	0.9840655	0.0	0.0645895	0.9864775	0.0	0.02425525	0.08826862499999999	0.0126996	0.007250899999999999	8.91575E-4
2000.0	0.0	0.983385	0.9840519999999999	0.0	0.07154225	0.981989	0.0	0.026408624999999998	0.0936815	0.012815975	0.0077851	9.1425E-4
2050.0	0.0	0.9856205	0.985058	0.0	0.05731575	0.987158	0.0	0.024428625	0.104613625	0.013424975	0.00805945	9.584999999999999E-4
2100.0	0.0	0.9860837499999999	0.9850157500000001	0.0	0.0631815	0.98604675	0.0	0.02422125	0.099419375	0.013260774999999999	0.007960075	9.01425E-4
Gateway 0 Arrival Rate	Pure Cloud Buffer Occupancy Efficiency of 0	Next Hop Buffer Occupancy Efficiency of 0	Probabilistic DF Buffer Occupancy Efficiency of 0	Pure Cloud Buffer Occupancy Efficiency of 1	Next Hop Buffer Occupancy Efficiency of 1	Probabilistic DF Buffer Occupancy Efficiency of 1	Pure Cloud Buffer Occupancy Efficiency of 2	Next Hop Buffer Occupancy Efficiency of 2	Probabilistic DF Buffer Occupancy Efficiency of 2	Pure Cloud Buffer Occupancy Efficiency of Cloud	Next Hop Buffer Occupancy Efficiency of Cloud	Probabilistic DF Buffer Occupancy Efficiency of Cloud
0.0	0.0	6.766666666666667E-5	8.083333333333334E-5	0.0	0.07033816666666666	0.06735666666666666	0.0	0.025304499999999997	0.02513375	0.002906616666666667	3.6666666666666667E-7	3.3833333333333333E-6
50.0	0.0	0.011155499999999999	0.012672666666666665	0.0	0.06442133333333333	0.06089333333333333	0.0	0.024630416666666665	0.025595416666666666	0.0032220666666666667	1.5833333333333331E-6	3.6999999999999997E-6
100.0	0.0	0.029181833333333334	0.026677499999999996	0.0	0.06031683333333334	0.0635815	0.0	0.025850833333333333	0.024981583333333335	0.0035169999999999997	1.5499999999999998E-6	3.3833333333333333E-6
150.0	0.0	0.04266233333333334	0.04133166666666666	0.0	0.07452733333333333	0.06352383333333333	0.0	0.025453833333333332	0.024885333333333332	0.0039105500000000005	2.533333333333333E-6	2.0E-6
200.0	0.0	0.06172333333333333	0.066595	0.0	0.07785266666666667	0.055996	0.0	0.024454583333333335	0.02439008333333333	0.004219433333333334	2.45E-6	8.833333333333334E-7
250.0	0.0	0.09814033333333333	0.11484016666666667	0.0	0.07318333333333332	0.0633335	0.0	0.024448416666666667	0.025011333333333333	0.004248733333333333	2.0E-6	3.0166666666666664E-6
300.0	0.0	0.12890766666666667	0.20881683333333334	0.0	0.06283933333333334	0.06636116666666667	0.0	0.025317666666666665	0.024810750000000003	0.0046519	1.5499999999999998E-6	2.783333333333334E-6
350.0	0.0	0.33865300000000004	0.30926833333333337	0.0	0.06369366666666666	0.0623975	0.0	0.026754499999999997	0.027082333333333333	0.004983666666666667	1.415E-5	2.616666666666667E-6
400.0	0.0	0.5006128333333334	0.4528311666666667	0.0	0.07529066666666667	0.067398	0.0	0.02466908333333333	0.025954500000000002	0.005016333333333334	1.1401666666666667E-4	1.0549999999999999E-5
450.0	0.0	0.6683110000000001	0.7443399999999999	0.0	0.07067066666666667	0.09914233333333333	0.0	0.02463233333333333	0.028763416666666666	0.00524525	2.6671666666666665E-4	5.321666666666667E-5
500.0	0.0	0.7510293333333333	0.7779381666666666	0.0	0.065137	0.09467316666666666	0.0	0.02388425	0.027955999999999998	0.005465483333333333	3.985833333333333E-4	5.631666666666667E-5
550.0	0.0	0.8515366666666667	0.8218418333333334	0.0	0.06650766666666667	0.1141275	0.0	0.026253416666666664	0.02994925	0.005723916666666666	6.911E-4	9.498333333333334E-5
600.0	0.0	0.8927456666666668	0.8799861666666667	0.0	0.07393183333333332	0.13974	0.0	0.02537091666666667	0.030756166666666668	0.0060954166666666665	0.0010544	1.0301666666666667E-4
650.0	0.0	0.913557	0.8955891666666668	0.0	0.059849999999999993	0.1859301666666667	0.0	0.023866750000000003	0.030240666666666666	0.00617665	0.0012282	1.2843333333333333E-4
700.0	0.0	0.923225	0.9245585	0.0	0.07623266666666667	0.2709981666666667	0.0	0.02472716666666667	0.03451866666666666	0.006398783333333334	0.0014369166666666669	1.843333333333333E-4
750.0	0.0	0.937866	0.9240131666666667	0.0	0.06366516666666666	0.25952166666666665	0.0	0.02393416666666667	0.03527466666666667	0.0067785	0.0016441000000000001	1.9505E-4
800.0	0.0	0.9366748333333333	0.9324198333333333	0.0	0.06564433333333335	0.39937416666666664	0.0	0.024943583333333335	0.037595500000000004	0.006837466666666667	0.0019155333333333335	2.199E-4
850.0	0.0	0.9480045	0.9377816666666666	0.0	0.06784116666666666	0.35230350000000005	0.0	0.025384583333333332	0.035992333333333335	0.007173483333333334	0.0021375666666666668	2.3678333333333333E-4
900.0	0.0	0.9483050000000001	0.9565894999999999	0.0	0.06794733333333333	0.5509645000000001	0.0	0.024839333333333335	0.040100166666666666	0.007400133333333334	0.002525366666666667	2.736666666666667E-4
950.0	0.0	0.9566393333333334	0.9568493333333334	0.0	0.07269483333333333	0.6212181666666666	0.0	0.025763833333333333	0.04218741666666667	0.007824066666666666	0.0027171666666666668	2.874E-4
1000.0	0.0	0.9577151666666667	0.9600276666666666	0.0	0.061621499999999996	0.784335	0.0	0.025034749999999998	0.042792666666666666	0.008022966666666666	0.002898266666666667	3.2256666666666663E-4
1050.0	0.0	0.9651145	0.9625296666666667	0.0	0.061644	0.8182351666666667	0.0	0.025422666666666666	0.04550291666666667	0.008197966666666667	0.00322485	3.770833333333334E-4
1100.0	0.0	0.9669221666666669	0.9659616666666667	0.0	0.06642350000000001	0.8664063333333333	0.0	0.02419758333333333	0.047870166666666665	0.00866165	0.0035040333333333333	3.9091666666666664E-4
1150.0	0.0	0.9665973333333332	0.9661053333333333	0.0	0.07251333333333333	0.8771383333333334	0.0	0.026193499999999998	0.0481615	0.008492816666666667	0.0037606166666666672	4.7400000000000003E-4
1200.0	0.0	0.9693588333333333	0.9682516666666666	0.0	0.0665625	0.9351949999999999	0.0	0.0262455	0.0510705	0.008944533333333332	0.0039164	4.8091666666666666E-4
1250.0	0.0	0.9735421666666667	0.9705078333333333	0.0	0.06884183333333334	0.9122798333333334	0.0	0.024990000000000002	0.05332741666666666	0.009405216666666666	0.00431635	5.005333333333333E-4
1300.0	0.0	0.974279	0.9711901666666667	0.0	0.06427716666666666	0.9364046666666667	0.0	0.025596916666666664	0.0553615	0.009553016666666666	0.0042829	4.892166666666666E-4
1350.0	0.0	0.9749606666666667	0.9715068333333333	0.0	0.07224333333333333	0.9558575	0.0	0.024216250000000005	0.055476916666666674	0.009566766666666665	0.0045793000000000006	5.102333333333334E-4
1400.0	0.0	0.9747348333333333	0.9737136666666667	0.0	0.06057133333333334	0.9505068333333333	0.0	0.024459333333333333	0.05857199999999999	0.01026775	0.00481805	5.089166666666666E-4
1450.0	0.0	0.9782161666666666	0.9770894999999999	0.0	0.07776683333333334	0.972515	0.0	0.02522758333333333	0.06013258333333333	0.010200766666666666	0.0052197	5.779333333333334E-4
1500.0	0.0	0.9778771666666667	0.9776616666666667	0.0	0.0637435	0.9764991666666667	0.0	0.025013416666666666	0.06552841666666667	0.010521883333333334	0.0054494999999999995	5.989333333333333E-4
1550.0	0.0	0.9787469999999999	0.9775448333333333	0.0	0.06990766666666666	0.9690261666666666	0.0	0.02533325	0.06203524999999999	0.0107832	0.0057503	6.3355E-4
1600.0	0.0	0.9799583333333334	0.979739	0.0	0.06243783333333333	0.9785583333333333	0.0	0.0246185	0.06916283333333334	0.0108933	0.005946066666666667	6.996333333333333E-4
1650.0	0.0	0.9803285	0.9805591666666666	0.0	0.0613675	0.9820651666666667	0.0	0.02465525	0.07378291666666667	0.011151733333333335	0.006167383333333334	6.607333333333333E-4
1700.0	0.0	0.9815043333333334	0.9800106666666667	0.0	0.0662485	0.9751676666666667	0.0	0.026504	0.07181316666666666	0.011330100000000001	0.00632195	7.098333333333333E-4
1750.0	0.0	0.9807838333333333	0.9814026666666665	0.0	0.06707016666666667	0.9833090000000001	0.0	0.026768833333333335	0.076127	0.0116691	0.006698733333333334	7.086833333333334E-4
1800.0	0.0	0.9833263333333333	0.9828446666666667	0.0	0.07062283333333333	0.9749191666666667	0.0	0.02498825	0.08294775	0.012050383333333333	0.006980849999999999	8.115666666666668E-4
1850.0	0.0	0.984353	0.9824225000000001	0.0	0.08344700000000001	0.9803838333333333	0.0	0.02467975	0.08425375	0.012175983333333334	0.007120266666666666	7.917000000000001E-4
1900.0	0.0	0.9828608333333334	0.9833821666666666	0.0	0.07069116666666667	0.982872	0.0	0.025124916666666663	0.08721275	0.012175616666666667	0.007390966666666666	8.315666666666668E-4
1950.0	0.0	0.9858761666666668	0.9846816666666666	0.0	0.06164083333333333	0.9849646666666668	0.0	0.024746	0.09394175	0.012634266666666666	0.008015433333333334	8.761666666666666E-4
2000.0	0.0	0.9845586666666666	0.9852448333333333	0.0	0.060603833333333336	0.9882863333333334	0.0	0.025972583333333337	0.08704108333333334	0.013006433333333333	0.007722466666666667	8.622333333333333E-4
2050.0	0.0	0.9851783333333334	0.9842939999999999	0.0	0.06442716666666666	0.9841225000000001	0.0	0.026116750000000005	0.08922541666666667	0.013056533333333334	0.007996399999999999	8.671333333333332E-4
2100.0	0.0	0.985898	0.9843508333333334	0.0	0.06832500000000001	0.9884499999999999	0.0	0.025541499999999998	0.09990058333333333	0.013296933333333332	0.00839315	9.2195E-4
2150.0	0.0	0.9861555000000001	0.9858235	0.0	0.06746066666666667	0.9868493333333334	0.0	0.024417083333333336	0.09827216666666667	0.013328516666666667	0.008355033333333333	0.0010145
2200.0	0.0	0.9872686666666666	0.986527	0.0	0.06990233333333333	0.9879939999999999	0.0	0.025663083333333333	0.12751408333333333	0.013835283333333332	0.008816633333333332	9.696333333333333E-4
2250.0	0.0	0.9872836666666666	0.9863848333333333	0.0	0.062352166666666674	0.9838270000000001	0.0	0.025798416666666667	0.11811808333333333	0.014350849999999998	0.00921735	0.0010724333333333334
2300.0	0.0	0.9874166666666667	0.9866681666666667	0.0	0.07150916666666667	0.9871548333333333	0.0	0.024442083333333336	0.12345550000000001	0.014335516666666666	0.009333966666666667	0.0010510166666666666
2350.0	0.0	0.9877560000000001	0.9876958333333333	0.0	0.06722650000000001	0.9902685	0.0	0.025815416666666664	0.14903708333333332	0.0143316	0.009624183333333333	0.0010256
2400.0	0.0	0.9877609999999999	0.9877653333333334	0.0	0.06786416666666667	0.9864479999999999	0.0	0.0237795	0.13847733333333334	0.0149839	0.009808316666666669	0.0011219000000000001
2450.0	0.0	0.9883218333333333	0.9870946666666667	0.0	0.05898116666666667	0.9846320000000001	0.0	0.02530875	0.16618975000000002	0.01515945	0.009806033333333334	0.00108965
2500.0	0.0	0.9886806666666667	0.9884753333333333	0.0	0.06572566666666667	0.9907368333333334	0.0	0.0245085	0.16679291666666665	0.0152741	0.010249550000000001	0.0011308666666666667
2550.0	0.0	0.9894585	0.9893096666666666	0.0	0.06904383333333335	0.9891264999999999	0.0	0.025884083333333335	0.17747708333333334	0.0155473	0.010680166666666666	0.00119195
2600.0	0.0	0.9893394999999999	0.9890421666666667	0.0	0.06048633333333333	0.9905379999999999	0.0	0.025040500000000004	0.17424816666666665	0.015796633333333334	0.010780083333333334	0.00118295
2650.0	0.0	0.9892989999999999	0.9896426666666667	0.0	0.06829933333333334	0.9916536666666667	0.0	0.025095250000000003	0.17870675	0.016056316666666667	0.0109152	0.0011997666666666666
2700.0	0.0	0.990274	0.9888886666666666	0.0	0.06587266666666665	0.9926633333333333	0.0	0.02448483333333333	0.20650541666666666	0.016329049999999998	0.011307949999999999	0.0012306833333333332
2750.0	0.0	0.9894358333333333	0.9900421666666667	0.0	0.059631500000000004	0.9915943333333334	0.0	0.024766	0.22959925	0.016674583333333333	0.011038066666666665	0.0013847333333333333
2800.0	0.0	0.9898908333333334	0.9897196666666668	0.0	0.07322183333333333	0.9910575	0.0	0.02435025	0.2547504166666667	0.016768716666666666	0.011585616666666668	0.0013196166666666666
2850.0	0.0	0.9897351666666667	0.9895113333333333	0.0	0.06472916666666667	0.9903061666666666	0.0	0.0263255	0.2667320833333333	0.017108283333333335	0.012105466666666667	0.0012619
2900.0	0.0	0.990039	0.9904855000000001	0.0	0.07014016666666666	0.9925965	0.0	0.02499675	0.3714998333333333	0.017466616666666667	0.012100083333333332	0.0013704333333333333
2950.0	0.0	0.99012	0.990599	0.0	0.06956833333333334	0.9902788333333333	0.0	0.025260416666666664	0.3005285	0.017245116666666668	0.0125103	0.001451083333333333
3000.0	0.0	0.9912296666666668	0.9909253333333333	0.0	0.06653266666666667	0.9906079999999999	0.0	0.024312833333333336	0.3927425	0.017766266666666666	0.013005983333333334	0.0013770833333333335
3050.0	0.0	0.9911266666666667	0.990225	0.0	0.06896783333333333	0.9904510000000001	0.0	0.02438675	0.4149496666666666	0.017899516666666667	0.012945400000000001	0.0015338
3100.0	0.0	0.9902903333333333	0.990469	0.0	0.06773066666666666	0.9931295000000001	0.0	0.02586975	0.44269274999999997	0.017928183333333333	0.01292815	0.0014309666666666668
3150.0	0.0	0.9915596666666667	0.9910156666666667	0.0	0.06598799999999999	0.9912388333333334	0.0	0.02398225	0.46923733333333334	0.018430333333333333	0.013335416666666667	0.0013512333333333335
3200.0	0.0	0.9904838333333333	0.9913959999999999	0.0	0.060649	0.9906275	0.0	0.02493216666666667	0.5338997499999999	0.018633483333333332	0.013253166666666668	0.0015227666666666666
3250.0	0.0	0.9917623333333334	0.9914200000000001	0.0	0.06736666666666667	0.9912665	0.0	0.024726583333333333	0.5669125	0.018744283333333334	0.0137266	0.0016332666666666667
3300.0	0.0	0.9913168333333333	0.9917435	0.0	0.0714945	0.9920848333333333	0.0	0.026033333333333335	0.6095978333333333	0.019162883333333335	0.014067883333333331	0.0016321
3350.0	0.0	0.9918963333333334	0.9916008333333334	0.0	0.075952	0.992287	0.0	0.024524166666666666	0.7053490833333335	0.01942785	0.014418883333333334	0.0016337833333333336
3400.0	0.0	0.9917495000000001	0.9918023333333333	0.0	0.07023800000000001	0.9912464999999999	0.0	0.026002250000000005	0.768837	0.0194672	0.014231883333333334	0.0016531
3450.0	0.0	0.991845	0.9923418333333333	0.0	0.06591000000000001	0.9918131666666666	0.0	0.025108916666666665	0.7354042500000001	0.020249016666666664	0.014710333333333334	0.0017243166666666666
3500.0	0.0	0.9921000000000001	0.992686	0.0	0.07333650000000001	0.9942693333333333	0.0	0.025599583333333332	0.7940695833333334	0.020132916666666667	0.014905266666666667	0.0017658833333333334
3550.0	0.0	0.9921064999999999	0.9916098333333333	0.0	0.06287683333333334	0.9925773333333333	0.0	0.024110416666666665	0.79941425	0.020336200000000002	0.015400433333333333	0.0017052166666666668
3600.0	0.0	0.9928835	0.9923609999999999	0.0	0.07190016666666667	0.9929196666666668	0.0	0.02528708333333333	0.90124475	0.0206041	0.015682233333333333	0.00160715
3650.0	0.0	0.9921126666666668	0.9923489999999999	0.0	0.0628485	0.993188	0.0	0.024811833333333335	0.8722266666666667	0.020810766666666668	0.015648549999999997	0.0018184000000000002
3700.0	0.0	0.9930041666666667	0.992112	0.0	0.061811666666666674	0.9940893333333333	0.0	0.023961333333333334	0.8873620833333332	0.020870849999999996	0.015640033333333334	0.0018369833333333335
3750.0	0.0	0.9925846666666667	0.9931206666666667	0.0	0.058961999999999994	0.9928361666666667	0.0	0.02600883333333333	0.899905	0.021264983333333334	0.016081683333333333	0.0018111166666666667
3800.0	0.0	0.9931988333333334	0.9922458333333334	0.0	0.07331083333333333	0.9918678333333334	0.0	0.024595999999999996	0.9172618333333334	0.021410683333333333	0.016417	0.001847016666666667
3850.0	0.0	0.9926585	0.992805	0.0	0.07815683333333333	0.9927141666666667	0.0	0.024788583333333336	0.9304905	0.021596149999999998	0.01660775	0.0019431333333333335
3900.0	0.0	0.9938471666666665	0.9937618333333335	0.0	0.07247150000000001	0.9929209999999999	0.0	0.02403833333333333	0.9531816666666667	0.022137599999999997	0.017118733333333334	0.00197305
3950.0	0.0	0.9931125000000001	0.9933733333333333	0.0	0.0739175	0.9941896666666667	0.0	0.024980666666666665	0.9402471666666666	0.0222953	0.017241116666666667	0.0018942833333333335
4000.0	0.0	0.9930821666666666	0.9929718333333334	0.0	0.07496566666666667	0.9937786666666667	0.0	0.025263666666666667	0.9610579166666667	0.0222931	0.01773845	0.0020382
4050.0	0.0	0.9934841666666667	0.9932733333333333	0.0	0.06848183333333334	0.9938393333333333	0.0	0.02661175	0.96179325	0.022633466666666668	0.017493450000000004	0.0020267500000000003
4100.0	0.0	0.9930180000000001	0.9933825000000001	0.0	0.059076833333333335	0.9944198333333333	0.0	0.025173666666666667	0.9505465000000001	0.023143716666666665	0.0177659	0.0019948333333333333
4150.0	0.0	0.9935788333333333	0.9939715000000001	0.0	0.06739616666666666	0.9941735	0.0	0.02384058333333333	0.9700980833333332	0.02320005	0.01817475	0.0020078833333333334
4200.0	0.0	0.9934161666666667	0.9933931666666668	0.0	0.06223116666666667	0.9922763333333333	0.0	0.025921	0.9766108333333333	0.0237927	0.01823005	0.0019493333333333335
4250.0	0.0	0.9939534999999999	0.9938771666666666	0.0	0.06943766666666668	0.9941448333333334	0.0	0.024930083333333335	0.96905225	0.023513850000000003	0.01876285	0.00222115
4300.0	0.0	0.9936496666666667	0.9937520000000001	0.0	0.06866833333333335	0.9946391666666666	0.0	0.025392750000000002	0.9795543333333333	0.02384436666666667	0.0185604	0.0021562
4350.0	0.0	0.9938478333333333	0.9941016666666668	0.0	0.07246033333333333	0.9951425	0.0	0.02527375	0.9821326666666667	0.024091583333333333	0.018999266666666667	0.00220655
4400.0	0.0	0.9939956666666667	0.9937188333333333	0.0	0.06569016666666666	0.9940248333333334	0.0	0.023369499999999998	0.9805876666666666	0.024171250000000002	0.019222316666666666	0.0022634166666666666
4450.0	0.0	0.9944308333333334	0.9943128333333333	0.0	0.06399066666666667	0.9948514999999999	0.0	0.02360008333333333	0.9740039166666666	0.024529033333333335	0.01945021666666667	0.0021947166666666665
4500.0	0.0	0.9940643333333333	0.994675	0.0	0.07814366666666667	0.9947068333333333	0.0	0.026261583333333335	0.9824234166666667	0.024786199999999998	0.019646383333333333	0.002240283333333333
4550.0	0.0	0.9943591666666668	0.9942915	0.0	0.065757	0.9951615	0.0	0.0249045	0.9853860833333333	0.024868433333333332	0.019785633333333334	0.0022582333333333333
4600.0	0.0	0.994404	0.9938273333333334	0.0	0.07299183333333333	0.9949011666666667	0.0	0.025497833333333334	0.9831324166666665	0.02529371666666667	0.02011091666666667	0.0022054833333333334
4650.0	0.0	0.994114	0.9942156666666667	0.0	0.06406316666666666	0.9939151666666666	0.0	0.02470441666666667	0.9804013333333333	0.025399566666666665	0.020242116666666667	0.0023862
4700.0	0.0	0.9943883333333333	0.994266	0.0	0.07181	0.9955301666666667	0.0	0.025203583333333335	0.9787785833333333	0.02540601666666667	0.020849533333333337	0.0021874333333333335
4750.0	0.0	0.9942811666666667	0.9945076666666667	0.0	0.06521966666666666	0.9944873333333333	0.0	0.02473475	0.9835623333333333	0.0257016	0.020603566666666667	0.0023783666666666666
4800.0	0.0	0.9943240000000001	0.9946128333333334	0.0	0.0743355	0.9951478333333332	0.0	0.025748833333333332	0.9872304166666668	0.026275083333333334	0.021147600000000003	0.002406916666666667
4850.0	0.0	0.9945388333333334	0.9939024999999999	0.0	0.060512333333333335	0.9939781666666666	0.0	0.024088833333333334	0.9814793333333333	0.026270566666666672	0.02113315	0.002429633333333333
4900.0	0.0	0.9947096666666666	0.9944926666666666	0.0	0.07589333333333333	0.9937861666666666	0.0	0.026867000000000002	0.9881547500000001	0.026672033333333334	0.02137146666666667	0.002497066666666667
4950.0	0.0	0.9947563333333335	0.9949431666666667	0.0	0.060125000000000005	0.9954888333333333	0.0	0.02652525	0.9807676666666666	0.027324283333333334	0.021799816666666666	0.00250035
5000.0	0.0	0.9945563333333333	0.9948061666666668	0.0	0.06827500000000002	0.9949815000000001	0.0	0.02492258333333333	0.9833883333333334	0.027028683333333334	0.02189395	0.0024234666666666667
