Gateway 0 Arrival Rate	Pure Cloud Buffer Occupancy of 0	Next Hop Buffer Occupancy of 0	Pure Cloud Buffer Occupancy of 1	Next Hop Buffer Occupancy of 1	Pure Cloud Buffer Occupancy of 2	Next Hop Buffer Occupancy of 2	Pure Cloud Buffer Occupancy of Cloud	Next Hop Buffer Occupancy of Cloud
0.0	0.0	7.11E-4	0.0011510000000000001	0.0	1.320961	1.311908	0.0	1.026762	1.0006080000000002	0.598331	1.17E-4	2.0600000000000002E-4
50.0	0.0	0.26473	0.23417700000000002	0.0	1.334234	1.262117	0.0	0.996618	0.979622	0.644759	1.49E-4	2.85E-4
100.0	0.0	0.542879	0.553528	0.0	1.3525800000000001	1.3153640000000002	0.0	0.992024	1.0056249999999998	0.710726	1.88E-4	1.99E-4
150.0	0.0	0.933244	0.870969	0.0	1.2896930000000002	1.286567	0.0	0.9890909999999999	0.9740500000000001	0.759427	2.44E-4	3.69E-4
200.0	0.0	1.249028	1.325504	0.0	1.3892019999999998	1.410826	0.0	1.02652	0.995936	0.815785	2.82E-4	2.65E-4
250.0	0.0	1.987218	2.201533	0.0	1.2445169999999999	1.262374	0.0	1.00555	1.036932	0.879758	2.2199999999999998E-4	2.77E-4
300.0	0.0	3.539136	3.482593	0.0	1.2948829999999998	1.292272	0.0	1.005863	1.003403	0.9174899999999999	1.5500000000000003E-4	5.43E-4
350.0	0.0	5.240793000000001	5.5578140000000005	0.0	1.3725850000000002	1.496453	0.0	0.984769	0.998602	0.9880000000000001	0.001484	9.77E-4
400.0	0.0	9.235949000000002	10.007065	0.0	1.3556169999999998	1.4248949999999998	0.0	1.025963	1.000485	1.018151	0.013916000000000001	0.002638
450.0	0.0	12.176366999999999	14.441147999999998	0.0	1.39176	1.653285	0.0	0.993919	1.081473	1.058064	0.041907	0.005923
500.0	0.0	16.573691000000004	16.237419	0.0	1.344441	1.962612	0.0	1.003103	1.1245800000000001	1.100351	0.11115699999999999	0.009656000000000001
550.0	0.0	17.112861000000002	16.941661000000003	0.0	1.50189	2.5383570000000004	0.0	1.0071350000000001	1.162131	1.168537	0.142316	0.016214
600.0	0.0	17.910835	18.018483	0.0	1.310692	3.3287109999999998	0.0	1.016456	1.264685	1.2250709999999998	0.20475500000000002	0.024408999999999997
650.0	0.0	18.374198999999997	18.332872	0.0	1.400691	3.8783450000000004	0.0	1.037475	1.293097	1.2735549999999998	0.262095	0.029470000000000003
700.0	0.0	18.54571	18.555067	0.0	1.342356	4.9352599999999995	0.0	0.9799789999999999	1.363644	1.29121	0.29209799999999997	0.03812800000000001
750.0	0.0	18.681394	18.704093	0.0	1.3846370000000001	5.407724	0.0	1.007693	1.413361	1.347453	0.338128	0.037680000000000005
800.0	0.0	18.879952000000003	18.824978999999995	0.0	1.4091280000000002	8.317383	0.0	1.009739	1.4507999999999999	1.416038	0.382566	0.041297
850.0	0.0	19.023863	19.048963	0.0	1.3484380000000002	8.893995	0.0	1.017681	1.519066	1.471932	0.45243	0.04688900000000001
900.0	0.0	19.112595	19.065935	0.0	1.329961	11.3779	0.0	1.016435	1.605687	1.5022410000000002	0.496023	0.054889999999999994
950.0	0.0	19.203426	19.195532	0.0	1.3210229999999998	13.579958	0.0	0.98741	1.6827540000000003	1.5570970000000002	0.549502	0.06472800000000001
1000.0	0.0	19.303213999999997	19.235739000000002	0.0	1.3961890000000001	13.900198	0.0	1.018189	1.74595	1.6093879999999998	0.5943560000000001	0.067453
1050.0	0.0	19.292087000000002	19.307691	0.0	1.3466200000000002	16.303105000000002	0.0	1.003856	1.8163899999999997	1.6600550000000003	0.6372450000000001	0.072888
1100.0	0.0	19.36056	19.375773000000002	0.0	1.338382	17.298583	0.0	1.000686	1.895947	1.726249	0.690864	0.081108
1150.0	0.0	19.393811	19.421387	0.0	1.3380269999999999	17.985924000000004	0.0	0.986313	1.988398	1.744979	0.7368119999999999	0.081699
1200.0	0.0	19.45658	19.453405999999998	0.0	1.331246	18.237135	0.0	0.9940599999999999	2.034959	1.78699	0.794951	0.093831
1250.0	0.0	19.481773	19.471374	0.0	1.291241	18.985609999999998	0.0	0.9979100000000001	2.047899	1.8312819999999999	0.828022	0.09356600000000001
1300.0	0.0	19.497109000000002	19.515199000000003	0.0	1.2732970000000001	19.264497999999996	0.0	1.0046969999999997	2.1753720000000003	1.8742180000000002	0.883278	0.099987
1350.0	0.0	19.5589	19.525395	0.0	1.266978	19.47565	0.0	1.021064	2.252892	1.945262	0.935768	0.10766400000000001
1400.0	0.0	19.548618	19.561011999999998	0.0	1.364928	19.766672	0.0	1.012247	2.475573	2.022064	0.993787	0.11933500000000001
1450.0	0.0	19.574118	19.582006	0.0	1.3668279999999997	19.715626	0.0	0.9983069999999999	2.5052510000000003	2.0604899999999997	1.035106	0.118137
1500.0	0.0	19.596002	19.598211	0.0	1.280424	19.713587999999998	0.0	0.9677899999999999	2.550338	2.107669	1.087481	0.118304
1550.0	0.0	19.619477999999997	19.627477	0.0	1.2831700000000001	19.767518000000003	0.0	1.016402	2.572094	2.155963	1.1264230000000002	0.13131400000000001
1600.0	0.0	19.623876000000003	19.628930000000004	0.0	1.4074000000000002	19.783796	0.0	1.000882	2.761807	2.1987229999999998	1.2038189999999998	0.133454
1650.0	0.0	19.655648	19.634629	0.0	1.3699459999999999	19.795181	0.0	1.0131700000000001	2.848192	2.2482509999999998	1.227102	0.143448
1700.0	0.0	19.661657	19.666632999999997	0.0	1.342328	19.788707	0.0	1.006136	3.0043119999999996	2.283291	1.294207	0.145323
1750.0	0.0	19.668797	19.662435	0.0	1.437442	19.825399	0.0	1.018549	3.013241	2.3294319999999997	1.329143	0.147452
1800.0	0.0	19.688688000000003	19.691460999999997	0.0	1.3463819999999997	19.827447999999997	0.0	1.003686	3.322069	2.373708	1.380031	0.16108799999999998
1850.0	0.0	19.698946	19.688557	0.0	1.2881550000000002	19.816238	0.0	0.998174	3.2328780000000004	2.4360139999999997	1.430196	0.163433
1900.0	0.0	19.711396999999998	19.709384999999997	0.0	1.352895	19.812316	0.0	0.993731	3.5087849999999996	2.5175270000000003	1.4663920000000001	0.166912
1950.0	0.0	19.706498	19.712506	0.0	1.405991	19.832585	0.0	0.995355	3.6425259999999993	2.5214169999999996	1.5084710000000001	0.174641
2000.0	0.0	19.719396999999997	19.721429	0.0	1.42295	19.808564999999998	0.0	1.042334	3.795668	2.599352	1.554817	0.179085
2050.0	0.0	19.731821	19.7344685	0.0	1.3281625	19.872369499999998	0.0	1.0103985	3.9894719999999992	2.6362629999999996	1.6226410000000002	0.18673849999999997
2100.0	0.0	19.738808499999998	19.745909	0.0	1.409889	19.857816000000003	0.0	1.007209	4.1849609999999995	2.674577	1.6508855	0.194413
2150.0	0.0	19.7410635	19.754785500000004	0.0	1.3832585	19.8461845	0.0	1.001672	4.260345500000001	2.739808	1.7188055000000002	0.192246
2200.0	0.0	19.7553055	19.749900500000003	0.0	1.2911839999999999	19.863297	0.0	1.007209	4.475712499999999	2.7769950000000003	1.7774155	0.205402
2250.0	0.0	19.765404999999998	19.754343	0.0	1.3127915	19.856708	0.0	1.0062279999999997	4.963747	2.8206795	1.8103445	0.20727350000000003
2300.0	0.0	19.768996499999997	19.760584	0.0	1.3852929999999999	19.8793705	0.0	1.012933	5.279424000000001	2.8659240000000006	1.8531439999999997	0.21185949999999995
2350.0	0.0	19.773848	19.777427000000003	0.0	1.313861	19.893034999999998	0.0	1.0248594999999998	5.439356999999999	2.9204795	1.9132735	0.215802
2400.0	0.0	19.784152499999998	19.781433999999997	0.0	1.3828015	19.889242499999998	0.0	1.021421	5.460859999999999	2.9671130000000003	1.9423730000000003	0.21677400000000002
2450.0	0.0	19.782152	19.790354	0.0	1.3753345000000003	19.888500999999998	0.0	1.0096284999999998	6.218933	3.0191615	2.007886	0.223103
2500.0	0.0	19.794803499999997	19.788947000000004	0.0	1.3306235	19.889089000000002	0.0	1.0197365	6.4138494999999995	3.0775669999999997	2.045956	0.2374685
2550.0	0.0	19.797327000000003	19.79587	0.0	1.3378339999999997	19.9018495	0.0	1.0230695	6.648853	3.1066805	2.091183	0.23489149999999998
2600.0	0.0	19.801908499999996	19.8028855	0.0	1.274219	19.903822	0.0	0.9999100000000001	7.367140000000001	3.16737	2.1530425	0.240581
2650.0	0.0	19.809874500000003	19.805041	0.0	1.308004	19.902095000000003	0.0	1.013765	8.309062	3.2020540000000004	2.195665	0.2519205
2700.0	0.0	19.808862499999996	19.813675	0.0	1.2903820000000001	19.885478	0.0	1.015276	9.006022	3.2567479999999995	2.2429789999999996	0.25292499999999996
2750.0	0.0	19.806148999999998	19.817975	0.0	1.352425	19.8952745	0.0	1.0016285	10.059763999999998	3.2981439999999997	2.2855975	0.26240199999999997
2800.0	0.0	19.8130455	19.814279499999998	0.0	1.3014305	19.9095385	0.0	0.9932014999999998	10.719449999999998	3.3660674999999998	2.350784	0.26286149999999997
2850.0	0.0	19.823817999999996	19.828371	0.0	1.329351	19.907559000000003	0.0	1.0060695	12.525634499999999	3.3959355	2.3777455	0.2707885
2900.0	0.0	19.8256795	19.8194245	0.0	1.3090285000000004	19.905084	0.0	1.0094670000000001	13.948031499999999	3.4602425000000006	2.4549969999999997	0.271359
2950.0	0.0	19.823132	19.8280195	0.0	1.3382065	19.9005865	0.0	1.0002925	14.671182499999997	3.4821505000000004	2.4870619999999994	0.27474950000000004
3000.0	0.0	19.8323885	19.8329705	0.0	1.3890305	19.911568	0.0	1.0142285	15.014595999999997	3.5451055000000005	2.5182790000000006	0.2924135
3050.0	0.0	19.832465000000003	19.83209	0.0	1.2718155	19.909294499999998	0.0	0.99149	17.9362785	3.5927130000000007	2.5666445	0.2921055
3100.0	0.0	19.8389405	19.8403325	0.0	1.3245365	19.9179815	0.0	1.0051480000000002	20.178217999999998	3.616862	2.6229810000000002	0.29275
3150.0	0.0	19.842544	19.8423115	0.0	1.367268	19.921916500000002	0.0	1.0009795000000001	22.059538	3.6762115	2.6872550000000004	0.297416
3200.0	0.0	19.843815499999998	19.8450885	0.0	1.3929814999999999	19.930919499999998	0.0	1.0363965	24.042645	3.7533540000000003	2.7305865	0.31182799999999994
3250.0	0.0	19.849957	19.8429835	0.0	1.3607435	19.923223	0.0	1.0043805000000001	26.219136	3.7764114999999996	2.7606735000000002	0.321999
3300.0	0.0	19.849631	19.847414999999998	0.0	1.2992685000000002	19.9190035	0.0	0.9954659999999999	26.262400500000002	3.8454594999999996	2.8036615	0.31744150000000004
3350.0	0.0	19.854302500000003	19.8525875	0.0	1.296725	19.909258	0.0	1.0124549999999999	29.970805000000002	3.874621	2.8819805	0.32038700000000003
3400.0	0.0	19.854561500000003	19.857691	0.0	1.248921	19.936381500000003	0.0	1.0045905	30.9861735	3.9266479999999993	2.9292575	0.33276849999999997
3450.0	0.0	19.855668	19.8563735	0.0	1.3283405	19.928240499999998	0.0	1.0248260000000002	31.190713999999996	3.9768835000000005	2.9430255	0.3411145
3500.0	0.0	19.8599355	19.856237	0.0	1.3377325	19.9222275	0.0	1.005315	32.194148	4.026099	3.0284455	0.337682
3550.0	0.0	19.8652685	19.859927499999998	0.0	1.273063	19.93336	0.0	0.9958769999999999	33.846253000000004	4.050712	3.0534575	0.3422605
3600.0	0.0	19.864384	19.8613835	0.0	1.3492905	19.9326455	0.0	1.0018724999999997	33.918619	4.101001999999999	3.103478	0.34760549999999996
3650.0	0.0	19.864392000000002	19.865361	0.0	1.3726430000000003	19.925249	0.0	0.9986655000000001	35.558394	4.187594000000001	3.122514	0.357011
3700.0	0.0	19.869117	19.866169000000003	0.0	1.3558575000000002	19.9338655	0.0	1.020083	35.776582	4.231464	3.2010374999999995	0.36448699999999995
3750.0	0.0	19.874429	19.870019499999998	0.0	1.2884309999999999	19.927681000000003	0.0	1.014317	36.560250499999995	4.235993500000001	3.2304975	0.37369099999999994
3800.0	0.0	19.870480999999998	19.870366	0.0	1.272161	19.9326505	0.0	1.014829	37.027198999999996	4.275717	3.2981524999999996	0.3741105
3850.0	0.0	19.875484	19.872483000000003	0.0	1.4061744999999999	19.9377405	0.0	1.011279	37.615817500000006	4.342971	3.3582895	0.376915
3900.0	0.0	19.875878	19.878985999999998	0.0	1.3105095000000002	19.937208	0.0	0.9964489999999999	38.096554000000005	4.3963205	3.3737340000000002	0.3934365
3950.0	0.0	19.876298	19.879626	0.0	1.3964505	19.931772000000002	0.0	1.0039665	38.536893000000006	4.435423999999999	3.4225625	0.38479599999999997
4000.0	0.0	19.8770025	19.8773585	0.0	1.395547	19.940483	0.0	0.9981060000000002	38.786093	4.4687625	3.4793469999999997	0.388067
4050.0	0.0	19.8786765	19.882388499999998	0.0	1.3704394999999996	19.9396005	0.0	1.0120770000000001	39.05830200000001	4.5602225	3.4965225	0.39980800000000005
4100.0	0.0	19.882824499999998	19.8845665	0.0	1.3198705	19.9422775	0.0	1.017235	39.262602	4.573754500000001	3.5476225	0.399121
4150.0	0.0	19.886175	19.8813885	0.0	1.4330984999999998	19.939107999999997	0.0	0.9991709999999999	39.2813235	4.649353	3.6185099999999997	0.41439649999999995
4200.0	0.0	19.8877625	19.884820499999996	0.0	1.385653	19.941006	0.0	1.0036865	39.3473885	4.6864585	3.6686485000000006	0.40911849999999994
4250.0	0.0	19.882689999999997	19.886926	0.0	1.320923	19.942058	0.0	1.018079	39.452244	4.697440500000001	3.7037125000000004	0.4200355
4300.0	0.0	19.888312499999998	19.8888095	0.0	1.323166	19.943561999999996	0.0	1.0244875	39.615806	4.7461174999999995	3.7579045	0.42248349999999996
4350.0	0.0	19.889559	19.8918925	0.0	1.3343565	19.939951999999998	0.0	1.0029780000000001	39.5638	4.7900745	3.788645	0.4352665
4400.0	0.0	19.890488499999996	19.8886835	0.0	1.3142735	19.940372	0.0	1.0121544999999998	39.656566	4.862536	3.836423	0.43877449999999996
4450.0	0.0	19.894845999999998	19.891123	0.0	1.3627569999999998	19.949861	0.0	1.005945	39.667170500000005	4.8884625	3.8875025	0.4336365
4500.0	0.0	19.895062	19.895234999999996	0.0	1.4025395	19.952454	0.0	1.0166245	39.57742499999999	4.9421795	3.9458595	0.4496779999999999
4550.0	0.0	19.895007	19.896233000000002	0.0	1.3254464999999997	19.952047500000003	0.0	1.0097695000000002	39.636415500000005	5.0112155000000005	3.9694960000000004	0.4501185
4600.0	0.0	19.8960205	19.8978555	0.0	1.301696	19.945048	0.0	1.027676	39.622358	5.0275705	4.0271535	0.45196700000000006
4650.0	0.0	19.897689999999997	19.897971000000002	0.0	1.2913925000000002	19.9456975	0.0	0.9927854999999999	39.5774505	5.077787000000001	4.069008	0.4602015
4700.0	0.0	19.901564	19.898118	0.0	1.343512	19.9493225	0.0	0.9885695	39.716467	5.1208385	4.1214555	0.4625465
4750.0	0.0	19.899257	19.899019499999998	0.0	1.3815460000000002	19.9460305	0.0	1.0066815	39.7075915	5.169388	4.1594524999999996	0.4726830000000001
4800.0	0.0	19.9026015	19.901361	0.0	1.4540725	19.9538575	0.0	0.9802854999999999	39.67212099999999	5.2259775	4.209205	0.4728914999999999
4850.0	0.0	19.902821499999998	19.903412	0.0	1.2564330000000001	19.952524500000003	0.0	1.009512	39.707605	5.2655455	4.274913	0.4811065
4900.0	0.0	19.9033265	19.902253	0.0	1.3160519999999998	19.9473925	0.0	0.9774835000000002	39.693025	5.303788	4.3068885	0.481578
4950.0	0.0	19.903410499999996	19.903173	0.0	1.326688	19.949918500000003	0.0	1.012174	39.692288999999995	5.3776875	4.3585015	0.4943185
5000.0	0.0	19.9058065	19.908186999999998	0.0	1.3168285000000002	19.953304000000003	0.0	0.9967880000000001	39.730109	5.418232000000001	4.3762755	0.49896700000000005
1800.0	0.0	19.683300000000003	19.622415	0.0	1.24635	19.66344	0.0	1.0253999999999999	3.16029	2.42334	1.426085	0.15287
1850.0	0.0	19.679825	19.646414999999998	0.0	1.36735	19.777965000000002	0.0	1.00123	3.02608	2.46333	1.50475	0.16345500000000002
1900.0	0.0	19.695225	19.688685	0.0	1.48589	19.69292	0.0	1.03335	3.402655	2.505125	1.465895	0.17030499999999998
1950.0	0.0	19.675514999999997	19.68131	0.0	1.29179	19.729550000000003	0.0	0.97021	3.530745	2.53992	1.45018	0.178315
2000.0	0.0	19.6677	19.68104	0.0	1.4308450000000001	19.639780000000002	0.0	1.0563449999999999	3.74726	2.563195	1.55702	0.18285
2050.0	0.0	19.71241	19.70116	0.0	1.146315	19.74316	0.0	0.977145	4.184545	2.684995	1.61189	0.19169999999999998
2100.0	0.0	19.721674999999998	19.700315	0.0	1.26363	19.720934999999997	0.0	0.96885	3.976775	2.652155	1.592015	0.180285
Gateway 0 Arrival Rate	Pure Cloud Buffer Occupancy of 0	Next Hop Buffer Occupancy of 0	Pure Cloud Buffer Occupancy of 1	Next Hop Buffer Occupancy of 1	Pure Cloud Buffer Occupancy of 2	Next Hop Buffer Occupancy of 2	Pure Cloud Buffer Occupancy of Cloud	Next Hop Buffer Occupancy of Cloud
0.0	0.0	0.0013533333333333333	0.0016166666666666666	0.0	1.4067633333333334	1.3471333333333335	0.0	1.01218	1.00535	0.5813233333333333	7.333333333333333E-5	6.766666666666667E-4
50.0	0.0	0.22311	0.2534533333333333	0.0	1.2884266666666664	1.2178666666666667	0.0	0.9852166666666667	1.0238166666666668	0.6444133333333333	3.1666666666666665E-4	7.399999999999999E-4
100.0	0.0	0.5836366666666667	0.53355	0.0	1.2063366666666666	1.27163	0.0	1.0340333333333334	0.9992633333333334	0.7033999999999999	3.1E-4	6.766666666666667E-4
150.0	0.0	0.8532466666666667	0.8266333333333332	0.0	1.4905466666666667	1.2704766666666665	0.0	1.0181533333333332	0.9954133333333334	0.78211	5.066666666666667E-4	4.0E-4
200.0	0.0	1.2344666666666668	1.3319	0.0	1.5570533333333334	1.1199199999999998	0.0	0.9781833333333333	0.9756033333333334	0.8438866666666666	4.9E-4	1.7666666666666666E-4
250.0	0.0	1.9628066666666666	2.2968033333333335	0.0	1.4636666666666667	1.2666699999999997	0.0	0.9779366666666668	1.0004533333333332	0.8497466666666668	3.9999999999999996E-4	6.033333333333334E-4
300.0	0.0	2.5781533333333333	4.176336666666667	0.0	1.2567866666666667	1.3272233333333334	0.0	1.0127066666666666	0.99243	0.93038	3.1E-4	5.566666666666667E-4
350.0	0.0	6.773060000000001	6.185366666666667	0.0	1.2738733333333334	1.2479500000000001	0.0	1.07018	1.0832933333333334	0.9967333333333334	0.0028300000000000005	5.233333333333333E-4
400.0	0.0	10.012256666666666	9.056623333333333	0.0	1.5058133333333332	1.3479599999999998	0.0	0.9867633333333333	1.03818	1.0032666666666668	0.02280333333333333	0.00211
450.0	0.0	13.36622	14.8868	0.0	1.4134133333333334	1.9828466666666664	0.0	0.9852933333333334	1.1505366666666665	1.04905	0.05334333333333333	0.010643333333333333
500.0	0.0	15.020586666666667	15.558763333333333	0.0	1.30274	1.8934633333333333	0.0	0.9553699999999999	1.11824	1.0930966666666666	0.07971666666666667	0.011263333333333334
550.0	0.0	17.03073333333333	16.436836666666665	0.0	1.3301533333333333	2.28255	0.0	1.0501366666666667	1.19797	1.1447833333333335	0.13822	0.018996666666666665
600.0	0.0	17.854913333333332	17.599723333333333	0.0	1.4786366666666666	2.7948	0.0	1.0148366666666666	1.2302466666666667	1.2190833333333335	0.21087999999999998	0.020603333333333335
650.0	0.0	18.27114	17.911783333333336	0.0	1.197	3.718603333333333	0.0	0.9546700000000001	1.2096266666666666	1.23533	0.24564	0.025686666666666663
700.0	0.0	18.4645	18.49117	0.0	1.5246533333333332	5.419963333333333	0.0	0.9890866666666668	1.3807466666666668	1.2797566666666667	0.2873833333333333	0.036866666666666666
750.0	0.0	18.75732	18.48026333333333	0.0	1.2733033333333335	5.190433333333334	0.0	0.9573666666666667	1.4109866666666668	1.3557	0.32881999999999995	0.03901
800.0	0.0	18.733496666666667	18.648396666666667	0.0	1.3128866666666668	7.9874833333333335	0.0	0.9977433333333333	1.50382	1.3674933333333332	0.38310666666666665	0.04398
850.0	0.0	18.960090000000005	18.755633333333332	0.0	1.3568233333333335	7.046069999999999	0.0	1.0153833333333333	1.4396933333333333	1.4346966666666665	0.42751333333333336	0.047356666666666665
900.0	0.0	18.9661	19.13179	0.0	1.358946666666667	11.01929	0.0	0.9935733333333333	1.6040066666666668	1.4800266666666666	0.5050733333333333	0.054733333333333335
950.0	0.0	19.132786666666664	19.13698666666667	0.0	1.4538966666666668	12.424363333333334	0.0	1.0305533333333332	1.6874966666666669	1.5648133333333334	0.5434333333333333	0.05748
1000.0	0.0	19.154303333333335	19.200553333333335	0.0	1.23243	15.6867	0.0	1.00139	1.7117066666666665	1.604593333333333	0.5796533333333334	0.06451333333333334
1050.0	0.0	19.30229	19.25059333333333	0.0	1.23288	16.364703333333335	0.0	1.0169066666666666	1.8201166666666666	1.6395933333333332	0.6449699999999999	0.07541666666666667
1100.0	0.0	19.338443333333334	19.319233333333333	0.0	1.32847	17.328126666666666	0.0	0.9679033333333334	1.9148066666666665	1.7323300000000001	0.7008066666666667	0.07818333333333334
1150.0	0.0	19.331946666666664	19.322106666666667	0.0	1.4502666666666668	17.542766666666665	0.0	1.0477400000000001	1.9264599999999998	1.6985633333333332	0.7521233333333334	0.0948
1200.0	0.0	19.387176666666665	19.365033333333333	0.0	1.33125	18.7039	0.0	1.0498200000000002	2.0428200000000003	1.7889066666666666	0.78328	0.09618333333333333
1250.0	0.0	19.470843333333335	19.410156666666666	0.0	1.3768366666666667	18.245596666666668	0.0	0.9996	2.133096666666667	1.8810433333333334	0.86327	0.10010666666666666
1300.0	0.0	19.485580000000002	19.423803333333336	0.0	1.2855433333333333	18.728093333333334	0.0	1.0238766666666665	2.2144600000000003	1.9106033333333334	0.85658	0.09784333333333332
1350.0	0.0	19.499213333333334	19.430136666666666	0.0	1.4448666666666667	19.11715	0.0	0.9686499999999999	2.2190766666666666	1.9133533333333332	0.91586	0.10204666666666667
1400.0	0.0	19.494696666666666	19.474273333333333	0.0	1.2114266666666669	19.010136666666668	0.0	0.9783733333333333	2.34288	2.05355	0.96361	0.10178333333333334
1450.0	0.0	19.564323333333334	19.541790000000002	0.0	1.5553366666666666	19.450300000000002	0.0	1.0091033333333335	2.405303333333333	2.040153333333333	1.0439399999999999	0.11558666666666667
1500.0	0.0	19.55754333333333	19.553233333333335	0.0	1.27487	19.529983333333334	0.0	1.0005366666666666	2.6211366666666667	2.1043766666666666	1.0899	0.11978666666666667
1550.0	0.0	19.574939999999998	19.550896666666667	0.0	1.3981533333333334	19.380523333333333	0.0	1.0133299999999998	2.4814100000000003	2.15664	1.15006	0.12671
1600.0	0.0	19.599166666666665	19.59478	0.0	1.2487566666666667	19.571166666666667	0.0	0.9847400000000001	2.7665133333333336	2.1786600000000003	1.1892133333333335	0.13992666666666667
1650.0	0.0	19.60657	19.611183333333333	0.0	1.2273500000000002	19.641303333333337	0.0	0.9862099999999999	2.9513166666666666	2.2303466666666663	1.2334766666666666	0.13214666666666666
1700.0	0.0	19.630086666666667	19.600213333333333	0.0	1.32497	19.503353333333333	0.0	1.06016	2.872526666666667	2.2660199999999997	1.26439	0.14196666666666669
1750.0	0.0	19.61567666666667	19.628053333333334	0.0	1.3414033333333333	19.66618	0.0	1.0707533333333334	3.04508	2.3338200000000002	1.3397466666666666	0.14173666666666665
1800.0	0.0	19.666526666666666	19.656893333333333	0.0	1.4124566666666667	19.498383333333333	0.0	0.99953	3.31791	2.4100766666666664	1.39617	0.16231333333333334
1850.0	0.0	19.68706	19.64845	0.0	1.66894	19.607676666666666	0.0	0.98719	3.37015	2.4351966666666667	1.4240533333333332	0.15834
1900.0	0.0	19.657216666666667	19.667643333333334	0.0	1.4138233333333332	19.657440000000005	0.0	1.0049966666666668	3.48851	2.4351233333333333	1.4781933333333335	0.16631333333333334
1950.0	0.0	19.717523333333336	19.693633333333334	0.0	1.2328166666666667	19.699293333333333	0.0	0.98984	3.7576699999999996	2.5268533333333334	1.6030866666666668	0.17523333333333332
2000.0	0.0	19.691173333333335	19.704896666666667	0.0	1.2120766666666667	19.765726666666666	0.0	1.0389033333333335	3.481643333333333	2.6012866666666667	1.5444933333333333	0.17244666666666666
2050.0	0.0	19.703566666666664	19.68588	0.0	1.2885433333333334	19.68245	0.0	1.04467	3.5690166666666663	2.6113066666666667	1.59928	0.17342666666666665
2100.0	0.0	19.71796	19.687016666666665	0.0	1.3665	19.769000000000002	0.0	1.02166	3.9960233333333335	2.659386666666667	1.67863	0.18439000000000003
2150.0	0.0	19.72311	19.71647	0.0	1.3492133333333332	19.736986666666667	0.0	0.9766833333333335	3.9308866666666673	2.665703333333333	1.6710066666666668	0.2029
2200.0	0.0	19.745373333333333	19.73054	0.0	1.3980466666666667	19.75988	0.0	1.0265233333333332	5.100563333333334	2.767056666666667	1.7633266666666667	0.19392666666666666
2250.0	0.0	19.745673333333333	19.727696666666667	0.0	1.2470433333333333	19.676540000000003	0.0	1.0319366666666667	4.724723333333333	2.8701700000000003	1.84347	0.2144866666666667
2300.0	0.0	19.748333333333335	19.733363333333333	0.0	1.4301833333333331	19.743096666666666	0.0	0.9776833333333333	4.93822	2.867103333333333	1.8667933333333335	0.21020333333333333
2350.0	0.0	19.75512	19.753916666666665	0.0	1.34453	19.80537	0.0	1.0326166666666665	5.961483333333334	2.86632	1.9248366666666668	0.20512
2400.0	0.0	19.755219999999998	19.755306666666666	0.0	1.3572833333333332	19.72896	0.0	0.9511799999999999	5.539093333333334	2.9967799999999998	1.9616633333333333	0.22438000000000002
2450.0	0.0	19.766436666666664	19.741893333333334	0.0	1.1796233333333335	19.69264	0.0	1.0123499999999999	6.64759	3.0318899999999993	1.9612066666666668	0.21792999999999998
2500.0	0.0	19.773613333333333	19.76950666666667	0.0	1.3145133333333334	19.81473666666667	0.0	0.98034	6.671716666666666	3.05482	2.04991	0.22617333333333334
2550.0	0.0	19.78917	19.786193333333333	0.0	1.3808766666666665	19.782529999999998	0.0	1.0353633333333334	7.099083333333333	3.10946	2.1360333333333332	0.23839
2600.0	0.0	19.78679	19.780843333333333	0.0	1.2097266666666668	19.810760000000002	0.0	1.00162	6.969926666666666	3.159326666666667	2.1560166666666665	0.23659
2650.0	0.0	19.78598	19.792853333333333	0.0	1.365986666666667	19.83307333333333	0.0	1.0038099999999999	7.14827	3.211263333333333	2.1830399999999996	0.23995333333333332
2700.0	0.0	19.80548	19.777773333333332	0.0	1.3174533333333334	19.853266666666666	0.0	0.9793933333333333	8.260216666666667	3.26581	2.26159	0.24613666666666667
2750.0	0.0	19.788716666666666	19.800843333333336	0.0	1.19263	19.831886666666666	0.0	0.99064	9.18397	3.3349166666666665	2.207613333333333	0.2769466666666667
2800.0	0.0	19.797816666666666	19.794393333333332	0.0	1.4644366666666666	19.82115	0.0	0.9740100000000002	10.190016666666667	3.3537433333333335	2.3171233333333334	0.26392333333333334
2850.0	0.0	19.794703333333334	19.790226666666666	0.0	1.2945833333333334	19.806123333333332	0.0	1.05302	10.669283333333333	3.421656666666667	2.4210933333333333	0.25238
2900.0	0.0	19.800780000000003	19.80971	0.0	1.4028033333333332	19.85193	0.0	0.99987	14.859993333333334	3.493323333333334	2.4200166666666667	0.27408666666666665
2950.0	0.0	19.802400000000002	19.811980000000002	0.0	1.3913666666666666	19.805576666666667	0.0	1.0104166666666667	12.02114	3.4490233333333333	2.50206	0.2902166666666667
3000.0	0.0	19.82459333333333	19.818506666666664	0.0	1.3306533333333332	19.812160000000002	0.0	0.9725133333333332	15.7097	3.5532533333333336	2.6011966666666666	0.27541666666666664
3050.0	0.0	19.822533333333336	19.8045	0.0	1.379356666666667	19.80902	0.0	0.9754700000000001	16.597986666666667	3.5799033333333337	2.58908	0.30676
3100.0	0.0	19.805806666666665	19.80938	0.0	1.3546133333333332	19.86259	0.0	1.03479	17.70771	3.5856366666666664	2.58563	0.28619333333333336
3150.0	0.0	19.831193333333335	19.82031333333333	0.0	1.3197599999999998	19.82477666666667	0.0	0.9592899999999999	18.769493333333333	3.6860666666666666	2.667083333333333	0.2702466666666667
3200.0	0.0	19.809676666666665	19.82792	0.0	1.21298	19.81255	0.0	0.9972866666666667	21.355990000000002	3.7266966666666668	2.6506333333333334	0.3045533333333334
3250.0	0.0	19.835246666666666	19.828400000000002	0.0	1.3473333333333333	19.825329999999997	0.0	0.9890633333333333	22.6765	3.7488566666666667	2.7453199999999995	0.3266533333333333
3300.0	0.0	19.826336666666666	19.83487	0.0	1.42989	19.841696666666667	0.0	1.0413333333333332	24.383913333333336	3.8325766666666667	2.813576666666666	0.32642
3350.0	0.0	19.837926666666668	19.832016666666664	0.0	1.5190399999999997	19.84574	0.0	0.9809666666666667	28.213963333333336	3.88557	2.8837766666666664	0.3267566666666667
3400.0	0.0	19.83499	19.836046666666665	0.0	1.4047600000000002	19.82493	0.0	1.04009	30.753479999999996	3.8934400000000005	2.8463766666666666	0.33061999999999997
3450.0	0.0	19.8369	19.846836666666665	0.0	1.3182	19.83626333333333	0.0	1.0043566666666666	29.416169999999997	4.049803333333333	2.942066666666667	0.34486333333333336
3500.0	0.0	19.842	19.85372	0.0	1.4667299999999999	19.885386666666665	0.0	1.0239833333333335	31.762783333333335	4.026583333333334	2.9810533333333336	0.3531766666666667
3550.0	0.0	19.842129999999997	19.832196666666665	0.0	1.2575366666666665	19.851546666666668	0.0	0.9644166666666667	31.976569999999995	4.06724	3.0800866666666664	0.34104333333333336
3600.0	0.0	19.85767	19.84722	0.0	1.4380033333333333	19.858393333333336	0.0	1.0114833333333333	36.04979	4.120819999999999	3.1364466666666666	0.32143000000000005
3650.0	0.0	19.842253333333332	19.846980000000002	0.0	1.25697	19.86376	0.0	0.9924733333333334	34.88906666666667	4.162153333333333	3.1297099999999998	0.36368
3700.0	0.0	19.860083333333332	19.84224	0.0	1.2362333333333335	19.881786666666667	0.0	0.9584533333333333	35.494483333333335	4.17417	3.1280066666666664	0.36739666666666665
3750.0	0.0	19.851693333333333	19.862413333333333	0.0	1.17924	19.85672333333333	0.0	1.0403533333333332	35.996199999999995	4.252996666666667	3.216336666666667	0.36222333333333334
3800.0	0.0	19.86397666666667	19.844916666666666	0.0	1.4662166666666667	19.83735666666667	0.0	0.9838399999999999	36.69047333333333	4.282136666666666	3.2834	0.36940333333333336
3850.0	0.0	19.853170000000002	19.856099999999998	0.0	1.5631366666666666	19.85428333333333	0.0	0.9915433333333333	37.21962	4.31923	3.32155	0.3886266666666667
3900.0	0.0	19.876943333333333	19.87523666666667	0.0	1.4494300000000002	19.85842	0.0	0.9615333333333332	38.127266666666664	4.42752	3.4237466666666667	0.39460999999999996
3950.0	0.0	19.86225	19.867466666666665	0.0	1.47835	19.883793333333333	0.0	0.9992266666666666	37.609886666666675	4.45906	3.4482233333333334	0.3788566666666666
4000.0	0.0	19.861643333333333	19.859436666666667	0.0	1.4993133333333333	19.875573333333335	0.0	1.0105466666666667	38.44231666666667	4.45862	3.54769	0.40764
4050.0	0.0	19.86968333333333	19.865466666666666	0.0	1.3696366666666666	19.876786666666668	0.0	1.06447	38.47173	4.526693333333333	3.49869	0.40535000000000004
4100.0	0.0	19.86036	19.86765	0.0	1.1815366666666667	19.888396666666665	0.0	1.0069466666666667	38.02186	4.628743333333333	3.55318	0.3989666666666667
4150.0	0.0	19.871576666666666	19.87943	0.0	1.3479233333333334	19.88347	0.0	0.9536233333333334	38.80392333333333	4.64001	3.63495	0.4015766666666667
4200.0	0.0	19.868323333333333	19.867863333333332	0.0	1.2446233333333334	19.845526666666668	0.0	1.03684	39.064433333333334	4.75854	3.64601	0.38986666666666664
4250.0	0.0	19.879070000000002	19.877543333333332	0.0	1.3887533333333335	19.882896666666664	0.0	0.9972033333333333	38.76209	4.70277	3.75257	0.44422999999999996
4300.0	0.0	19.872993333333334	19.875040000000002	0.0	1.3733666666666666	19.89278333333333	0.0	1.0157100000000001	39.18217333333334	4.7688733333333335	3.7120800000000003	0.43124
4350.0	0.0	19.87695666666667	19.882033333333336	0.0	1.4492066666666668	19.90285	0.0	1.01095	39.28530666666666	4.818316666666667	3.7998533333333335	0.44131000000000004
4400.0	0.0	19.879913333333334	19.874376666666667	0.0	1.3138033333333334	19.880496666666666	0.0	0.9347799999999999	39.223506666666665	4.83425	3.8444633333333336	0.4526833333333333
4450.0	0.0	19.888616666666667	19.886256666666668	0.0	1.2798133333333332	19.89703	0.0	0.9440033333333333	38.96015666666667	4.905806666666667	3.8900433333333333	0.4389433333333333
4500.0	0.0	19.881286666666668	19.8935	0.0	1.5628733333333331	19.894136666666668	0.0	1.0504633333333333	39.296936666666674	4.95724	3.9292766666666665	0.4480566666666667
4550.0	0.0	19.887183333333336	19.885830000000002	0.0	1.3151399999999998	19.903229999999997	0.0	0.99618	39.415443333333336	4.973686666666667	3.957126666666667	0.4516466666666667
4600.0	0.0	19.88808	19.876546666666666	0.0	1.4598366666666667	19.898023333333335	0.0	1.0199133333333334	39.32529666666667	5.058743333333333	4.022183333333333	0.4410966666666667
4650.0	0.0	19.882279999999998	19.884313333333335	0.0	1.2812633333333334	19.878303333333335	0.0	0.9881766666666666	39.216053333333335	5.079913333333334	4.048423333333333	0.47723999999999994
4700.0	0.0	19.887766666666668	19.885319999999997	0.0	1.4362000000000001	19.910603333333334	0.0	1.0081433333333334	39.15114333333333	5.081203333333334	4.169906666666666	0.43748666666666663
4750.0	0.0	19.88562333333333	19.89015333333333	0.0	1.3043933333333335	19.889746666666664	0.0	0.9893900000000001	39.34249333333333	5.14032	4.120713333333334	0.47567333333333334
4800.0	0.0	19.886480000000002	19.892256666666665	0.0	1.4867100000000002	19.902956666666665	0.0	1.0299533333333333	39.489216666666664	5.255016666666666	4.22952	0.48138333333333333
4850.0	0.0	19.890776666666664	19.87805	0.0	1.2102466666666667	19.879563333333333	0.0	0.9635533333333334	39.25917333333334	5.254113333333333	4.22663	0.4859266666666667
4900.0	0.0	19.894193333333334	19.889853333333335	0.0	1.5178666666666665	19.875723333333333	0.0	1.07468	39.52618999999999	5.334406666666666	4.2742933333333335	0.4994133333333333
4950.0	0.0	19.89512666666667	19.898863333333335	0.0	1.2025	19.90977666666667	0.0	1.0610099999999998	39.23070666666666	5.464856666666667	4.359963333333333	0.50007
5000.0	0.0	19.891126666666665	19.896123333333332	0.0	1.3655	19.89963	0.0	0.9969033333333334	39.33553333333333	5.405736666666666	4.3787899999999995	0.48469333333333336
