Gateway 0 Arrival Rate	Analytical Avg Gateway Buffer Occupancy Efficiency of 0	Simulation Avg Gateway Buffer Occupancy Efficiency of 0	Analytical Avg Gateway Buffer Occupancy Efficiency of 1	Simulation Avg Gateway Buffer Occupancy Efficiency of 1	Analytical Avg Gateway Buffer Occupancy Efficiency of 2	Simulation Avg Gateway Buffer Occupancy Efficiency of 2	Analytical Avg Gateway Buffer Occupancy Efficiency of Cloud	Simulation Avg Gateway Buffer Occupancy Efficiency of Cloud
0.0	0.0	5.755E-5	0.0	0.0655954	0.0	0.025015199999999998	0.0	1.03E-6
50.0	0.012698412698412698	0.01170885	0.06666600969060878	0.06310585	0.02517006802721088	0.02449055	3.825641202997387E-23	1.425E-6
100.0	0.026666666666288318	0.0276764	0.06666600969063526	0.0657682	0.025170068027214047	0.025140625	6.189133705830997E-17	9.95E-7
150.0	0.04363636192675742	0.04354845	0.06666600979065951	0.06432835	0.0251700680391733	0.02435125	2.3386884707522485E-13	1.8449999999999997E-6
200.0	0.06666600969060878	0.0662752	0.06666604053921152	0.0705413	0.0251700717155805	0.024898399999999998	7.210867989794273E-11	1.325E-6
250.0	0.10249851128875338	0.11007665	0.06666832537845976	0.0631187	0.025170344894393116	0.0259233	5.412829331744304E-9	1.385E-6
300.0	0.1686251071081239	0.17412965	0.06673216743502405	0.06461360000000001	0.025177974145965724	0.025085075000000002	1.5456423983364374E-7	2.715E-6
350.0	0.3024363856005177	0.27789070000000005	0.06750917320878609	0.07482265000000002	0.025270242656840792	0.02496505	1.9580173074444703E-6	4.885E-6
400.0	0.5121951219512196	0.5003532500000001	0.07158240801219705	0.07124475	0.02573675431757263	0.025012125000000003	1.1065080447835888E-5	1.319E-5
450.0	0.7006876333665059	0.7220574	0.0815678955068238	0.08266425000000001	0.026768853719258023	0.027036825000000004	3.114356241202597E-5	2.9615E-5
500.0	0.8107180919102479	0.8118709500000001	0.0972237970766516	0.0981306	0.028121627020776585	0.028114500000000004	5.7303131407487996E-5	4.8280000000000005E-5
550.0	0.8681801175818464	0.84708305	0.11854222566094308	0.12691784999999997	0.029575005127711534	0.029053275	8.518888992462158E-5	8.107000000000001E-5
600.0	0.9002556834369629	0.90092415	0.14731994216231167	0.16643555	0.031061248176734113	0.031617125	1.1344550485251547E-4	1.2204499999999999E-4
650.0	0.9200499337749035	0.9166435999999999	0.18681407723437285	0.19391725	0.03256698539365985	0.03232742500000001	1.4177829009514784E-4	1.4735E-4
700.0	0.9333443571939977	0.92775335	0.24103232678635073	0.24676299999999998	0.034091098837983266	0.0340911	1.7012745383649907E-4	1.9064E-4
750.0	0.9428598472533356	0.93520465	0.3128509106815655	0.2703862	0.03563509517779213	0.035334025000000005	1.984804081257641E-4	1.8839999999999997E-4
800.0	0.9500007271771864	0.9412489500000001	0.4007807081153608	0.41586914999999997	0.03720118429318701	0.03627	2.2683431142517837E-4	2.06485E-4
850.0	0.9555557674776332	0.95244815	0.4969372860167983	0.44469975	0.038791902103060986	0.03797665	2.551884710566204E-4	2.34445E-4
900.0	0.960000066321004	0.95329675	0.5897596379853459	0.568895	0.04041004611197917	0.040142175	2.835427049957086E-4	2.7445E-4
950.0	0.9636363857517584	0.9597766	0.6699680380482199	0.6789978999999999	0.04205868021083727	0.04206885	3.118969619204017E-4	3.2363999999999993E-4
1000.0	0.9666666744731993	0.9617869500000001	0.7339551048304304	0.6950099	0.04374115843746426	0.04364875	3.402512263897249E-4	3.37265E-4
1050.0	0.9692307721315299	0.9653845499999999	0.7827330293595063	0.8151552499999999	0.04546115700590995	0.045409750000000006	3.6860549347322207E-4	3.6444000000000005E-4
1100.0	0.9714285725577614	0.9687886499999999	0.8192916772290009	0.86492915	0.04722271267730342	0.047398675	3.969597615084577E-4	4.055400000000001E-4
1150.0	0.9733333337919131	0.9710693499999999	0.846757493576966	0.8992962	0.04903026773392623	0.049709949999999996	4.25314029906248E-4	4.0849500000000004E-4
1200.0	0.9750000001935881	0.9726703000000001	0.8676713606570982	0.9118567500000001	0.05088872253187252	0.050873975	4.5366829844801186E-4	4.69155E-4
1250.0	0.9764705883199731	0.9735687000000001	0.8838943535504711	0.9492805000000001	0.05280349700074799	0.051197475000000006	4.8202256704917934E-4	4.6782999999999997E-4
1300.0	0.9777777778160504	0.9757599500000002	0.8967321235537551	0.9632248999999999	0.05478060282024896	0.0543843	5.103768356757369E-4	4.99935E-4
1350.0	0.9789473684388819	0.9762697499999999	0.9070892481487156	0.9737825000000001	0.05682672842246315	0.056322300000000006	5.387311043135066E-4	5.3832E-4
1400.0	0.980000000008542	0.9780505999999999	0.9155947602475824	0.9883336	0.058949339489667116	0.06188932500000001	5.670853729563803E-4	5.96675E-4
1450.0	0.9809523809565812	0.9791003	0.9226914668651218	0.9857813	0.061156798279429325	0.06263127500000001	5.954396416016429E-4	5.90685E-4
1500.0	0.981818181820298	0.9799105499999999	0.9286962249026228	0.9856793999999999	0.06345850595879907	0.06375845000000001	6.237939102480543E-4	5.9152E-4
1550.0	0.9826086956532645	0.98137385	0.9338398713367917	0.9883759	0.06586507322865268	0.06430235	6.521481788950318E-4	6.5657E-4
1600.0	0.9833333333339075	0.9814465000000002	0.9382936412962707	0.9891898000000001	0.06838852595029613	0.069045175	6.805024475422943E-4	6.6727E-4
1650.0	0.9840000000003084	0.9817314500000001	0.942186784644709	0.98975905	0.07104255436035005	0.0712048	7.088567161897034E-4	7.1724E-4
1700.0	0.9846153846155534	0.98333165	0.9456184640625974	0.9894353499999999	0.07384281692654389	0.0751078	7.372109848371894E-4	7.26615E-4
1750.0	0.9851851851852793	0.9831217500000001	0.9486659136342371	0.9912699500000001	0.0768073131565948	0.07533102500000001	7.655652534847171E-4	7.3726E-4
1800.0	0.9857142857143391	0.9845730500000001	0.9513901241274215	0.9913724	0.07995684398899168	0.083051725	7.93919522132267E-4	8.054399999999999E-4
1850.0	0.9862068965517548	0.98442785	0.9538398694796463	0.9908119	0.08331558410842625	0.08082195	8.222737907798297E-4	8.171649999999999E-4
1900.0	0.9866666666666845	0.9854692500000001	0.9560546038404917	0.9906157999999999	0.08691179806099053	0.08771962500000001	8.506280594273991E-4	8.3456E-4
1950.0	0.987096774193559	0.9856252999999999	0.9580665776434932	0.9916292500000001	0.09077874188212687	0.09106315000000001	8.789823280749727E-4	8.732050000000002E-4
2000.0	0.9875000000000063	0.9860714500000001	0.9599024053796381	0.9904282500000001	0.09495580458667652	0.0948917	9.073365967225486E-4	8.95425E-4
2050.0	0.9878787878787916	0.9867234249999999	0.9615842427165078	0.9936184750000001	0.09948995965408301	0.0997368	9.356908653701257E-4	9.336924999999999E-4
2100.0	0.9882352941176494	0.9872954500000001	0.96313068134524	0.9928908	0.1044376154589727	0.10462402499999998	9.64045134017704E-4	9.72065E-4
2150.0	0.98857142857143	0.987739275	0.9645574371406289	0.9923092249999999	0.10986697425529426	0.10650863750000002	9.92399402665283E-4	9.612300000000001E-4
2200.0	0.98888888888889	0.987495025	0.9658778850768611	0.9931648500000001	0.1158610284385017	0.11189281250000001	0.001020753671312862	0.00102701
2250.0	0.9891891891891899	0.9877171499999999	0.9671034791841178	0.9928354	0.12252133293123865	0.12409367499999999	0.0010491079399604407	0.0010363675
2300.0	0.9894736842105267	0.9880292000000003	0.968244085315985	0.993968525	0.12997267916593455	0.1319856	0.0010774622086080201	0.0010592975
2350.0	0.9897435897435901	0.9888713499999998	0.9693082471082943	0.9946517499999998	0.13836873344500303	0.13598392499999998	0.0011058164772555995	0.0010790099999999998
2400.0	0.9900000000000002	0.9890717	0.9703034002532048	0.9944621250000001	0.14789854797352414	0.1365215	0.0011341707459031787	0.00108387
2450.0	0.9902439024390244	0.9895176999999998	0.9712360464287755	0.99442505	0.1587935428323743	0.15547332500000002	0.0011625250145507581	0.0011155149999999999
2500.0	0.9904761904761905	0.9894473499999998	0.9721118954707879	0.9944544499999999	0.1713340075421919	0.1603462375	0.0011908792831983378	0.0011873425000000003
2550.0	0.990697674418605	0.9897935	0.9729359823486711	0.9950924749999999	0.18585329475871518	0.16622132500000003	0.0012192335518459178	0.0011744575
2600.0	0.990909090909091	0.9901442750000001	0.9737127640035261	0.9951910999999999	0.20273663959779914	0.18417849999999997	0.001247587820493497	0.001202905
2650.0	0.9911111111111109	0.9902520499999999	0.9744461999788696	0.99510475	0.22241006480426564	0.20772655	0.001275942089141076	0.0012596025
2700.0	0.9913043478260871	0.99068375	0.9751398199221196	0.9942738999999999	0.24531360661836535	0.22515054999999995	0.001304296357788656	0.0012646250000000001
2750.0	0.9914893617021276	0.99089875	0.9757967803846654	0.994763725	0.2718531613688478	0.2514941	0.0013326506264362357	0.0013120100000000002
2800.0	0.9916666666666669	0.990713975	0.976419912848628	0.9954769249999998	0.30232822360850176	0.26798625	0.0013610048950838149	0.0013143075
2850.0	0.9918367346938778	0.99141855	0.9770117645214382	0.9953779500000002	0.3368402481536293	0.3131408625	0.0013893591637313943	0.0013539425
2900.0	0.9920000000000002	0.990971225	0.9775746331376174	0.9952542	0.3751982715042699	0.3487007875	0.0014177134323789728	0.001356795
2950.0	0.9921568627450981	0.991400975	0.9781105967702178	0.995029325	0.41685091149197506	0.3667795625	0.0014460677010265527	0.0013737475
3000.0	0.9923076923076926	0.9916485250000001	0.9786215394672512	0.9955784	0.46087865525849503	0.3753649	0.001474421969674133	0.0014620675
3050.0	0.9924528301886794	0.9916044999999999	0.9791091733796682	0.995464725	0.506068785334081	0.4484069625	0.0015027762383217121	0.0014605274999999998
3100.0	0.9925925925925927	0.992016625	0.9795750579285457	0.995899075	0.5510667457383519	0.5044554499999999	0.0015311305069692915	0.0014637500000000002
3150.0	0.9927272727272725	0.992115575	0.9800206164635898	0.9960958249999999	0.5945650990283669	0.5514884499999999	0.0015594847756168703	0.0014870800000000002
3200.0	0.9928571428571429	0.9922544250000002	0.9804471507878306	0.9965459750000001	0.6354744136655144	0.601066125	0.0015878390442644501	0.00155914
3250.0	0.9929824561403511	0.992149175	0.9808558538607246	0.99616115	0.6730304689890917	0.6554784	0.0016161933129120295	0.0016099950000000001
3300.0	0.9931034482758619	0.9923707499999999	0.9812478209407253	0.9959501749999999	0.70682149877963	0.6565600125000001	0.001644547581559609	0.0015872075000000004
3350.0	0.9932203389830508	0.9926293749999999	0.9816240593864958	0.9954628999999999	0.7367489537675688	0.7492701249999999	0.0016729018502071886	0.0016019349999999999
3400.0	0.9933333333333334	0.99288455	0.9819854973014387	0.996819075	0.7629509670581931	0.7746543375	0.0017012561188547684	0.0016638425000000002
3450.0	0.9934426229508198	0.992818675	0.9823329911777282	0.9964120249999999	0.7857173567547134	0.77976785	0.001729610387502348	0.0017055725
3500.0	0.9935483870967742	0.99281185	0.9826673326723846	0.9961113749999999	0.8054154143447662	0.8048537	0.0017579646561499268	0.00168841
3550.0	0.9936507936507937	0.992996375	0.9829892546282283	0.996668	0.8224347729293002	0.8461563249999999	0.0017863189247975066	0.0017113025
3600.0	0.99375	0.9930691749999999	0.9832994364361053	0.996632275	0.8371517582888014	0.847965475	0.0018146731934450865	0.0017380275
3650.0	0.9938461538461538	0.99326805	0.9835985088209547	0.9962624499999999	0.8499096484561862	0.88895985	0.0018430274620926655	0.001785055
3700.0	0.9939393939393939	0.9933084500000001	0.9838870581226711	0.9966932750000002	0.8610101963529659	0.8944145500000001	0.0018713817307402447	0.001822435
3750.0	0.9940298507462686	0.9935009749999999	0.9841656301329055	0.99638405	0.870712251334424	0.9140062624999998	0.0018997359993878239	0.0018684550000000002
3800.0	0.9941176470588236	0.9935183000000002	0.9844347335406303	0.9966325249999999	0.8792343449922522	0.9256799749999999	0.0019280902680354037	0.0018705524999999997
3850.0	0.9942028985507246	0.9936241499999999	0.9846948430322314	0.9968870249999998	0.8867591382558666	0.9403954374999998	0.0019564445366829835	0.001884575
3900.0	0.9942857142857143	0.9939492999999999	0.984946402085882	0.9968603999999999	0.8934384464999404	0.9524138500000001	0.0019847988053305634	0.0019671825
3950.0	0.9943661971830986	0.9939813	0.9851898254947938	0.9965885999999999	0.8993981326733536	0.9634223250000001	0.0020131530739781424	0.0019239800000000005
4000.0	0.9944444444444445	0.993867925	0.985425501649555	0.99702415	0.9047425251284669	0.969652325	0.0020415073426257218	0.001940335
4050.0	0.9945205479452055	0.9941194249999998	0.9856537946059639	0.9969800249999998	0.909558234043644	0.9764575500000001	0.002069861611273301	0.00199904
4100.0	0.9945945945945944	0.9942283250000001	0.9858750459615233	0.9971138750000001	0.913917358966841	0.98156505	0.00209821587992088	0.001995605
4150.0	0.9946666666666666	0.994069425	0.986089576560925	0.9969554	0.917880137972541	0.9820330875	0.00212657014856846	0.0020719824999999997
4200.0	0.9947368421052634	0.9942410249999998	0.986297688048451	0.9970503	0.9214971118118435	0.9836847125	0.0021549244172160394	0.0020455925
4250.0	0.9948051948051949	0.9943463000000001	0.9864996642830691	0.9971029	0.9248108803959564	0.9863061	0.0021832786858636192	0.0021001775000000006
4300.0	0.9948717948717951	0.994440475	0.9866957726301979	0.9971781	0.9278575236367997	0.99039515	0.0022116329545111995	0.0021124175
4350.0	0.9949367088607595	0.9945946250000001	0.9868862651424972	0.9969976	0.9306677495487774	0.9890950000000001	0.0022399872231587776	0.0021763325
4400.0	0.9950000000000001	0.994434175	0.9870713796406468	0.9970186	0.9332678225165056	0.9914141500000001	0.0022683414918063575	0.0021938725
4450.0	0.9950617283950617	0.9945561499999999	0.9872513407038628	0.9974930500000001	0.935680315187776	0.9916792624999999	0.0022966957604539373	0.0021681825
4500.0	0.9951219512195122	0.9947617499999998	0.9874263605788254	0.9976227000000002	0.9379247191595439	0.9894356249999999	0.0023250500291015163	0.00224839
4550.0	0.9951807228915663	0.9948116499999999	0.9875966400147499	0.9976023750000002	0.9400179426464244	0.9909103875000002	0.002353404297749096	0.0022505924999999998
4600.0	0.9952380952380953	0.9948927750000001	0.9877623690315099	0.9972524	0.9419747175989921	0.9905589499999999	0.0023817585663966755	0.002259835
4650.0	0.9952941176470589	0.99489855	0.9879237276269949	0.9972848750000001	0.9438079341245121	0.9894362624999999	0.0024101128350442545	0.0023010075
4700.0	0.9953488372093023	0.9949058999999998	0.9880808864292296	0.9974661250000001	0.9455289163806441	0.992911675	0.002438467103691834	0.0023127325
4750.0	0.9954022988505746	0.9949509750000001	0.9882340072982361	0.9973015250000001	0.9471476511941447	0.9926897875	0.0024668213723394133	0.002363415
4800.0	0.9954545454545454	0.9950680499999999	0.9883832438820853	0.9976928749999999	0.9486729783520197	0.991803025	0.002495175640986993	0.0023644575000000005
4850.0	0.995505617977528	0.9951706	0.9885287421311657	0.9976262250000001	0.9501127496960144	0.992690125	0.0025235299096345726	0.0024055325
4900.0	0.9955555555555555	0.9951126499999999	0.9886706407742822	0.9973696249999999	0.9514739627197011	0.9923256250000001	0.0025518841782821533	0.00240789
4950.0	0.9956043956043956	0.9951586500000001	0.9888090717598507	0.997495925	0.9527628732381883	0.992307225	0.002580238446929732	0.0024715925
5000.0	0.9956521739130435	0.9954093499999999	0.9889441606651381	0.9976651999999999	0.9539850908081648	0.9932527250000002	0.0026085927155773125	0.002494835
1800.0	0.9857142857143391	0.98112075	0.9513901241274215	0.9831719999999999	0.07995684398899168	0.07900725	7.93919522132267E-4	7.6435E-4
1850.0	0.9862068965517548	0.98232075	0.9538398694796463	0.98889825	0.08331558410842625	0.075652	8.222737907798297E-4	8.17275E-4
1900.0	0.9866666666666845	0.9844342500000001	0.9560546038404917	0.9846459999999999	0.08691179806099053	0.085066375	8.506280594273991E-4	8.51525E-4
1950.0	0.987096774193559	0.9840655	0.9580665776434932	0.9864775	0.09077874188212687	0.08826862499999999	8.789823280749727E-4	8.91575E-4
2000.0	0.9875000000000063	0.9840519999999999	0.9599024053796381	0.981989	0.09495580458667652	0.0936815	9.073365967225486E-4	9.1425E-4
2050.0	0.9878787878787916	0.985058	0.9615842427165078	0.987158	0.09948995965408301	0.104613625	9.356908653701257E-4	9.584999999999999E-4
2100.0	0.9882352941176494	0.9850157500000001	0.96313068134524	0.98604675	0.1044376154589727	0.099419375	9.64045134017704E-4	9.01425E-4
Gateway 0 Arrival Rate	Analytical Avg Gateway Buffer Occupancy Efficiency of 0	Simulation Avg Gateway Buffer Occupancy Efficiency of 0	Analytical Avg Gateway Buffer Occupancy Efficiency of 1	Simulation Avg Gateway Buffer Occupancy Efficiency of 1	Analytical Avg Gateway Buffer Occupancy Efficiency of 2	Simulation Avg Gateway Buffer Occupancy Efficiency of 2	Analytical Avg Gateway Buffer Occupancy Efficiency of Cloud	Simulation Avg Gateway Buffer Occupancy Efficiency of Cloud
0.0	0.0	8.083333333333334E-5	0.0	0.06735666666666666	0.0	0.02513375	0.0	3.3833333333333333E-6
50.0	0.012698412698412698	0.012672666666666665	0.06666600969060878	0.06089333333333333	0.02517006802721088	0.025595416666666666	3.825641202997387E-23	3.6999999999999997E-6
100.0	0.026666666666288318	0.026677499999999996	0.06666600969063526	0.0635815	0.025170068027214047	0.024981583333333335	6.189133705830997E-17	3.3833333333333333E-6
150.0	0.04363636192675742	0.04133166666666666	0.06666600979065951	0.06352383333333333	0.0251700680391733	0.024885333333333332	2.3386884707522485E-13	2.0E-6
200.0	0.06666600969060878	0.066595	0.06666604053921152	0.055996	0.0251700717155805	0.02439008333333333	7.210867989794273E-11	8.833333333333334E-7
250.0	0.10249851128875338	0.11484016666666667	0.06666832537845976	0.0633335	0.025170344894393116	0.025011333333333333	5.412829331744304E-9	3.0166666666666664E-6
300.0	0.1686251071081239	0.20881683333333334	0.06673216743502405	0.06636116666666667	0.025177974145965724	0.024810750000000003	1.5456423983364374E-7	2.783333333333334E-6
350.0	0.3024363856005177	0.30926833333333337	0.06750917320878609	0.0623975	0.025270242656840792	0.027082333333333333	1.9580173074444703E-6	2.616666666666667E-6
400.0	0.5121951219512196	0.4528311666666667	0.07158240801219705	0.067398	0.02573675431757263	0.025954500000000002	1.1065080447835888E-5	1.0549999999999999E-5
450.0	0.7006876333665059	0.7443399999999999	0.0815678955068238	0.09914233333333333	0.026768853719258023	0.028763416666666666	3.114356241202597E-5	5.321666666666667E-5
500.0	0.8107180919102479	0.7779381666666666	0.0972237970766516	0.09467316666666666	0.028121627020776585	0.027955999999999998	5.7303131407487996E-5	5.631666666666667E-5
550.0	0.8681801175818464	0.8218418333333334	0.11854222566094308	0.1141275	0.029575005127711534	0.02994925	8.518888992462158E-5	9.498333333333334E-5
600.0	0.9002556834369629	0.8799861666666667	0.14731994216231167	0.13974	0.031061248176734113	0.030756166666666668	1.1344550485251547E-4	1.0301666666666667E-4
650.0	0.9200499337749035	0.8955891666666668	0.18681407723437285	0.1859301666666667	0.03256698539365985	0.030240666666666666	1.4177829009514784E-4	1.2843333333333333E-4
700.0	0.9333443571939977	0.9245585	0.24103232678635073	0.2709981666666667	0.034091098837983266	0.03451866666666666	1.7012745383649907E-4	1.843333333333333E-4
750.0	0.9428598472533356	0.9240131666666667	0.3128509106815655	0.25952166666666665	0.03563509517779213	0.03527466666666667	1.984804081257641E-4	1.9505E-4
800.0	0.9500007271771864	0.9324198333333333	0.4007807081153608	0.39937416666666664	0.03720118429318701	0.037595500000000004	2.2683431142517837E-4	2.199E-4
850.0	0.9555557674776332	0.9377816666666666	0.4969372860167983	0.35230350000000005	0.038791902103060986	0.035992333333333335	2.551884710566204E-4	2.3678333333333333E-4
900.0	0.960000066321004	0.9565894999999999	0.5897596379853459	0.5509645000000001	0.04041004611197917	0.040100166666666666	2.835427049957086E-4	2.736666666666667E-4
950.0	0.9636363857517584	0.9568493333333334	0.6699680380482199	0.6212181666666666	0.04205868021083727	0.04218741666666667	3.118969619204017E-4	2.874E-4
1000.0	0.9666666744731993	0.9600276666666666	0.7339551048304304	0.784335	0.04374115843746426	0.042792666666666666	3.402512263897249E-4	3.2256666666666663E-4
1050.0	0.9692307721315299	0.9625296666666667	0.7827330293595063	0.8182351666666667	0.04546115700590995	0.04550291666666667	3.6860549347322207E-4	3.770833333333334E-4
1100.0	0.9714285725577614	0.9659616666666667	0.8192916772290009	0.8664063333333333	0.04722271267730342	0.047870166666666665	3.969597615084577E-4	3.9091666666666664E-4
1150.0	0.9733333337919131	0.9661053333333333	0.846757493576966	0.8771383333333334	0.04903026773392623	0.0481615	4.25314029906248E-4	4.7400000000000003E-4
1200.0	0.9750000001935881	0.9682516666666666	0.8676713606570982	0.9351949999999999	0.05088872253187252	0.0510705	4.5366829844801186E-4	4.8091666666666666E-4
1250.0	0.9764705883199731	0.9705078333333333	0.8838943535504711	0.9122798333333334	0.05280349700074799	0.05332741666666666	4.8202256704917934E-4	5.005333333333333E-4
1300.0	0.9777777778160504	0.9711901666666667	0.8967321235537551	0.9364046666666667	0.05478060282024896	0.0553615	5.103768356757369E-4	4.892166666666666E-4
1350.0	0.9789473684388819	0.9715068333333333	0.9070892481487156	0.9558575	0.05682672842246315	0.055476916666666674	5.387311043135066E-4	5.102333333333334E-4
1400.0	0.980000000008542	0.9737136666666667	0.9155947602475824	0.9505068333333333	0.058949339489667116	0.05857199999999999	5.670853729563803E-4	5.089166666666666E-4
1450.0	0.9809523809565812	0.9770894999999999	0.9226914668651218	0.972515	0.061156798279429325	0.06013258333333333	5.954396416016429E-4	5.779333333333334E-4
1500.0	0.981818181820298	0.9776616666666667	0.9286962249026228	0.9764991666666667	0.06345850595879907	0.06552841666666667	6.237939102480543E-4	5.989333333333333E-4
1550.0	0.9826086956532645	0.9775448333333333	0.9338398713367917	0.9690261666666666	0.06586507322865268	0.06203524999999999	6.521481788950318E-4	6.3355E-4
1600.0	0.9833333333339075	0.979739	0.9382936412962707	0.9785583333333333	0.06838852595029613	0.06916283333333334	6.805024475422943E-4	6.996333333333333E-4
1650.0	0.9840000000003084	0.9805591666666666	0.942186784644709	0.9820651666666667	0.07104255436035005	0.07378291666666667	7.088567161897034E-4	6.607333333333333E-4
1700.0	0.9846153846155534	0.9800106666666667	0.9456184640625974	0.9751676666666667	0.07384281692654389	0.07181316666666666	7.372109848371894E-4	7.098333333333333E-4
1750.0	0.9851851851852793	0.9814026666666665	0.9486659136342371	0.9833090000000001	0.0768073131565948	0.076127	7.655652534847171E-4	7.086833333333334E-4
1800.0	0.9857142857143391	0.9828446666666667	0.9513901241274215	0.9749191666666667	0.07995684398899168	0.08294775	7.93919522132267E-4	8.115666666666668E-4
1850.0	0.9862068965517548	0.9824225000000001	0.9538398694796463	0.9803838333333333	0.08331558410842625	0.08425375	8.222737907798297E-4	7.917000000000001E-4
1900.0	0.9866666666666845	0.9833821666666666	0.9560546038404917	0.982872	0.08691179806099053	0.08721275	8.506280594273991E-4	8.315666666666668E-4
1950.0	0.987096774193559	0.9846816666666666	0.9580665776434932	0.9849646666666668	0.09077874188212687	0.09394175	8.789823280749727E-4	8.761666666666666E-4
2000.0	0.9875000000000063	0.9852448333333333	0.9599024053796381	0.9882863333333334	0.09495580458667652	0.08704108333333334	9.073365967225486E-4	8.622333333333333E-4
2050.0	0.9878787878787916	0.9842939999999999	0.9615842427165078	0.9841225000000001	0.09948995965408301	0.08922541666666667	9.356908653701257E-4	8.671333333333332E-4
2100.0	0.9882352941176494	0.9843508333333334	0.96313068134524	0.9884499999999999	0.1044376154589727	0.09990058333333333	9.64045134017704E-4	9.2195E-4
2150.0	0.98857142857143	0.9858235	0.9645574371406289	0.9868493333333334	0.10986697425529426	0.09827216666666667	9.92399402665283E-4	0.0010145
2200.0	0.98888888888889	0.986527	0.9658778850768611	0.9879939999999999	0.1158610284385017	0.12751408333333333	0.001020753671312862	9.696333333333333E-4
2250.0	0.9891891891891899	0.9863848333333333	0.9671034791841178	0.9838270000000001	0.12252133293123865	0.11811808333333333	0.0010491079399604407	0.0010724333333333334
2300.0	0.9894736842105267	0.9866681666666667	0.968244085315985	0.9871548333333333	0.12997267916593455	0.12345550000000001	0.0010774622086080201	0.0010510166666666666
2350.0	0.9897435897435901	0.9876958333333333	0.9693082471082943	0.9902685	0.13836873344500303	0.14903708333333332	0.0011058164772555995	0.0010256
2400.0	0.9900000000000002	0.9877653333333334	0.9703034002532048	0.9864479999999999	0.14789854797352414	0.13847733333333334	0.0011341707459031787	0.0011219000000000001
2450.0	0.9902439024390244	0.9870946666666667	0.9712360464287755	0.9846320000000001	0.1587935428323743	0.16618975000000002	0.0011625250145507581	0.00108965
2500.0	0.9904761904761905	0.9884753333333333	0.9721118954707879	0.9907368333333334	0.1713340075421919	0.16679291666666665	0.0011908792831983378	0.0011308666666666667
2550.0	0.990697674418605	0.9893096666666666	0.9729359823486711	0.9891264999999999	0.18585329475871518	0.17747708333333334	0.0012192335518459178	0.00119195
2600.0	0.990909090909091	0.9890421666666667	0.9737127640035261	0.9905379999999999	0.20273663959779914	0.17424816666666665	0.001247587820493497	0.00118295
2650.0	0.9911111111111109	0.9896426666666667	0.9744461999788696	0.9916536666666667	0.22241006480426564	0.17870675	0.001275942089141076	0.0011997666666666666
2700.0	0.9913043478260871	0.9888886666666666	0.9751398199221196	0.9926633333333333	0.24531360661836535	0.20650541666666666	0.001304296357788656	0.0012306833333333332
2750.0	0.9914893617021276	0.9900421666666667	0.9757967803846654	0.9915943333333334	0.2718531613688478	0.22959925	0.0013326506264362357	0.0013847333333333333
2800.0	0.9916666666666669	0.9897196666666668	0.976419912848628	0.9910575	0.30232822360850176	0.2547504166666667	0.0013610048950838149	0.0013196166666666666
2850.0	0.9918367346938778	0.9895113333333333	0.9770117645214382	0.9903061666666666	0.3368402481536293	0.2667320833333333	0.0013893591637313943	0.0012619
2900.0	0.9920000000000002	0.9904855000000001	0.9775746331376174	0.9925965	0.3751982715042699	0.3714998333333333	0.0014177134323789728	0.0013704333333333333
2950.0	0.9921568627450981	0.990599	0.9781105967702178	0.9902788333333333	0.41685091149197506	0.3005285	0.0014460677010265527	0.001451083333333333
3000.0	0.9923076923076926	0.9909253333333333	0.9786215394672512	0.9906079999999999	0.46087865525849503	0.3927425	0.001474421969674133	0.0013770833333333335
3050.0	0.9924528301886794	0.990225	0.9791091733796682	0.9904510000000001	0.506068785334081	0.4149496666666666	0.0015027762383217121	0.0015338
3100.0	0.9925925925925927	0.990469	0.9795750579285457	0.9931295000000001	0.5510667457383519	0.44269274999999997	0.0015311305069692915	0.0014309666666666668
3150.0	0.9927272727272725	0.9910156666666667	0.9800206164635898	0.9912388333333334	0.5945650990283669	0.46923733333333334	0.0015594847756168703	0.0013512333333333335
3200.0	0.9928571428571429	0.9913959999999999	0.9804471507878306	0.9906275	0.6354744136655144	0.5338997499999999	0.0015878390442644501	0.0015227666666666666
3250.0	0.9929824561403511	0.9914200000000001	0.9808558538607246	0.9912665	0.6730304689890917	0.5669125	0.0016161933129120295	0.0016332666666666667
3300.0	0.9931034482758619	0.9917435	0.9812478209407253	0.9920848333333333	0.70682149877963	0.6095978333333333	0.001644547581559609	0.0016321
3350.0	0.9932203389830508	0.9916008333333334	0.9816240593864958	0.992287	0.7367489537675688	0.7053490833333335	0.0016729018502071886	0.0016337833333333336
3400.0	0.9933333333333334	0.9918023333333333	0.9819854973014387	0.9912464999999999	0.7629509670581931	0.768837	0.0017012561188547684	0.0016531
3450.0	0.9934426229508198	0.9923418333333333	0.9823329911777282	0.9918131666666666	0.7857173567547134	0.7354042500000001	0.001729610387502348	0.0017243166666666666
3500.0	0.9935483870967742	0.992686	0.9826673326723846	0.9942693333333333	0.8054154143447662	0.7940695833333334	0.0017579646561499268	0.0017658833333333334
3550.0	0.9936507936507937	0.9916098333333333	0.9829892546282283	0.9925773333333333	0.8224347729293002	0.79941425	0.0017863189247975066	0.0017052166666666668
3600.0	0.99375	0.9923609999999999	0.9832994364361053	0.9929196666666668	0.8371517582888014	0.90124475	0.0018146731934450865	0.00160715
3650.0	0.9938461538461538	0.9923489999999999	0.9835985088209547	0.993188	0.8499096484561862	0.8722266666666667	0.0018430274620926655	0.0018184000000000002
3700.0	0.9939393939393939	0.992112	0.9838870581226711	0.9940893333333333	0.8610101963529659	0.8873620833333332	0.0018713817307402447	0.0018369833333333335
3750.0	0.9940298507462686	0.9931206666666667	0.9841656301329055	0.9928361666666667	0.870712251334424	0.899905	0.0018997359993878239	0.0018111166666666667
3800.0	0.9941176470588236	0.9922458333333334	0.9844347335406303	0.9918678333333334	0.8792343449922522	0.9172618333333334	0.0019280902680354037	0.001847016666666667
3850.0	0.9942028985507246	0.992805	0.9846948430322314	0.9927141666666667	0.8867591382558666	0.9304905	0.0019564445366829835	0.0019431333333333335
3900.0	0.9942857142857143	0.9937618333333335	0.984946402085882	0.9929209999999999	0.8934384464999404	0.9531816666666667	0.0019847988053305634	0.00197305
3950.0	0.9943661971830986	0.9933733333333333	0.9851898254947938	0.9941896666666667	0.8993981326733536	0.9402471666666666	0.0020131530739781424	0.0018942833333333335
4000.0	0.9944444444444445	0.9929718333333334	0.985425501649555	0.9937786666666667	0.9047425251284669	0.9610579166666667	0.0020415073426257218	0.0020382
4050.0	0.9945205479452055	0.9932733333333333	0.9856537946059639	0.9938393333333333	0.909558234043644	0.96179325	0.002069861611273301	0.0020267500000000003
4100.0	0.9945945945945944	0.9933825000000001	0.9858750459615233	0.9944198333333333	0.913917358966841	0.9505465000000001	0.00209821587992088	0.0019948333333333333
4150.0	0.9946666666666666	0.9939715000000001	0.986089576560925	0.9941735	0.917880137972541	0.9700980833333332	0.00212657014856846	0.0020078833333333334
4200.0	0.9947368421052634	0.9933931666666668	0.986297688048451	0.9922763333333333	0.9214971118118435	0.9766108333333333	0.0021549244172160394	0.0019493333333333335
4250.0	0.9948051948051949	0.9938771666666666	0.9864996642830691	0.9941448333333334	0.9248108803959564	0.96905225	0.0021832786858636192	0.00222115
4300.0	0.9948717948717951	0.9937520000000001	0.9866957726301979	0.9946391666666666	0.9278575236367997	0.9795543333333333	0.0022116329545111995	0.0021562
4350.0	0.9949367088607595	0.9941016666666668	0.9868862651424972	0.9951425	0.9306677495487774	0.9821326666666667	0.0022399872231587776	0.00220655
4400.0	0.9950000000000001	0.9937188333333333	0.9870713796406468	0.9940248333333334	0.9332678225165056	0.9805876666666666	0.0022683414918063575	0.0022634166666666666
4450.0	0.9950617283950617	0.9943128333333333	0.9872513407038628	0.9948514999999999	0.935680315187776	0.9740039166666666	0.0022966957604539373	0.0021947166666666665
4500.0	0.9951219512195122	0.994675	0.9874263605788254	0.9947068333333333	0.9379247191595439	0.9824234166666667	0.0023250500291015163	0.002240283333333333
4550.0	0.9951807228915663	0.9942915	0.9875966400147499	0.9951615	0.9400179426464244	0.9853860833333333	0.002353404297749096	0.0022582333333333333
4600.0	0.9952380952380953	0.9938273333333334	0.9877623690315099	0.9949011666666667	0.9419747175989921	0.9831324166666665	0.0023817585663966755	0.0022054833333333334
4650.0	0.9952941176470589	0.9942156666666667	0.9879237276269949	0.9939151666666666	0.9438079341245121	0.9804013333333333	0.0024101128350442545	0.0023862
4700.0	0.9953488372093023	0.994266	0.9880808864292296	0.9955301666666667	0.9455289163806441	0.9787785833333333	0.002438467103691834	0.0021874333333333335
4750.0	0.9954022988505746	0.9945076666666667	0.9882340072982361	0.9944873333333333	0.9471476511941447	0.9835623333333333	0.0024668213723394133	0.0023783666666666666
4800.0	0.9954545454545454	0.9946128333333334	0.9883832438820853	0.9951478333333332	0.9486729783520197	0.9872304166666668	0.002495175640986993	0.002406916666666667
4850.0	0.995505617977528	0.9939024999999999	0.9885287421311657	0.9939781666666666	0.9501127496960144	0.9814793333333333	0.0025235299096345726	0.002429633333333333
4900.0	0.9955555555555555	0.9944926666666666	0.9886706407742822	0.9937861666666666	0.9514739627197011	0.9881547500000001	0.0025518841782821533	0.002497066666666667
4950.0	0.9956043956043956	0.9949431666666667	0.9888090717598507	0.9954888333333333	0.9527628732381883	0.9807676666666666	0.002580238446929732	0.00250035
5000.0	0.9956521739130435	0.9948061666666668	0.9889441606651381	0.9949815000000001	0.9539850908081648	0.9833883333333334	0.0026085927155773125	0.0024234666666666667
