Gateway 0 Arrival Rate	Pure Cloud Average Effective Arrival rate of 0	Next Hop Average Effective Arrival rate of 0	Probabilistic DF Average Effective Arrival rate of 0	Pure Cloud Average Effective Arrival rate of 1	Next Hop Average Effective Arrival rate of 1	Probabilistic DF Average Effective Arrival rate of 1	Pure Cloud Average Effective Arrival rate of 2	Next Hop Average Effective Arrival rate of 2	Probabilistic DF Average Effective Arrival rate of 2	Pure Cloud Average Effective Arrival rate of Cloud	Next Hop Average Effective Arrival rate of Cloud	Probabilistic DF Average Effective Arrival rate of Cloud
0.0	0.0	0.25	0.25	0.0	201.05	200.75	0.0	394.55	398.35	594.6	0.25	0.25
50.0	0.0	52.1	49.5	0.0	198.8	199.0	0.0	394.85	388.2	642.7	0.25	0.25
100.0	0.0	101.1	102.85	0.0	203.0	196.7	0.0	395.85	395.4	699.5	0.25	0.25
150.0	0.0	152.7	153.75	0.0	197.55	199.9	0.0	399.55	387.25	756.1	0.25	0.25
200.0	0.0	198.2	199.0	0.0	200.2	203.65	0.0	401.8	393.25	805.85	0.25	0.25
250.0	0.0	250.1	258.05	0.0	197.3	199.6	0.0	398.45	408.9	859.4	0.25	0.25
300.0	0.0	305.0	301.95	0.0	196.95	202.25	0.0	392.85	390.15	901.65	0.3	0.45
350.0	0.0	342.5	346.35	0.0	199.3	207.05	0.0	390.8	399.45	964.45	1.65	0.7
400.0	0.0	387.65	380.55	0.0	202.95	211.05	0.0	405.45	402.85	1012.75	13.4	2.55
450.0	0.0	397.05	401.9	0.0	204.35	226.1	0.0	397.45	425.8	1045.95	39.4	6.65
500.0	0.0	394.5	403.35	0.0	203.25	238.1	0.0	398.0	439.6	1081.7	106.0	10.45
550.0	0.0	400.35	402.05	0.0	201.8	263.7	0.0	401.25	459.65	1139.55	142.9	16.8
600.0	0.0	398.9	396.65	0.0	196.45	286.9	0.0	397.05	491.0	1202.45	202.05	24.65
650.0	0.0	399.65	403.65	0.0	202.55	310.0	0.0	405.35	509.65	1253.6	255.0	27.95
700.0	0.0	409.05	396.1	0.0	199.0	322.15	0.0	391.8	527.95	1280.0	296.4	36.2
750.0	0.0	407.0	406.0	0.0	202.75	340.75	0.0	400.55	549.85	1348.05	336.35	37.55
800.0	0.0	412.0	412.55	0.0	207.15	359.0	0.0	403.5	569.1	1392.3	382.4	41.55
850.0	0.0	401.6	399.3	0.0	195.05	373.35	0.0	398.05	590.5	1448.75	443.65	50.2
900.0	0.0	409.2	407.15	0.0	202.75	383.0	0.0	397.45	617.9	1492.5	488.75	53.1
950.0	0.0	404.0	400.45	0.0	200.25	387.65	0.0	392.9	647.45	1539.9	542.6	64.35
1000.0	0.0	401.45	405.95	0.0	204.9	397.65	0.0	402.3	662.65	1595.35	585.95	66.8
1050.0	0.0	411.2	404.75	0.0	204.35	398.75	0.0	395.15	681.8	1636.25	620.6	73.05
1100.0	0.0	403.15	404.05	0.0	197.65	403.35	0.0	396.65	706.2	1697.55	687.9	78.85
1150.0	0.0	411.75	398.95	0.0	205.2	402.6	0.0	395.55	734.0	1736.85	729.6	81.55
1200.0	0.0	400.15	406.35	0.0	197.2	397.25	0.0	392.3	743.75	1781.4	788.1	89.5
1250.0	0.0	405.35	406.85	0.0	193.65	402.6	0.0	399.45	769.3	1831.95	821.9	96.05
1300.0	0.0	407.35	408.0	0.0	196.95	403.6	0.0	392.5	799.3	1867.0	878.3	99.6
1350.0	0.0	394.85	406.9	0.0	198.95	396.1	0.0	401.5	805.1	1928.15	939.45	103.55
1400.0	0.0	403.8	399.7	0.0	199.65	401.7	0.0	406.15	860.4	1998.7	981.2	116.25
1450.0	0.0	405.0	398.5	0.0	201.0	403.5	0.0	398.75	863.3	2043.5	1018.1	117.7
1500.0	0.0	408.6	402.6	0.0	202.65	405.05	0.0	389.8	884.0	2080.1	1070.4	117.55
1550.0	0.0	401.4	397.95	0.0	201.5	410.0	0.0	401.9	911.05	2130.45	1118.6	131.55
1600.0	0.0	407.1	406.75	0.0	205.7	404.7	0.0	397.6	929.85	2173.6	1183.7	131.8
1650.0	0.0	402.05	407.55	0.0	201.05	394.25	0.0	398.0	957.7	2221.15	1218.1	138.9
1700.0	0.0	398.45	403.05	0.0	196.35	391.75	0.0	398.05	987.0	2257.75	1282.9	143.55
1750.0	0.0	403.6	410.2	0.0	199.5	402.8	0.0	402.0	989.75	2309.85	1307.35	147.7
1800.0	0.0	404.35	395.15	0.0	200.25	400.55	0.0	394.3	1023.65	2370.2	1366.35	157.5
1850.0	0.0	406.7	405.3	0.0	200.75	400.75	0.0	395.85	1033.5	2409.0	1411.75	158.95
1900.0	0.0	399.9	396.65	0.0	200.85	408.1	0.0	397.0	1061.55	2484.85	1450.8	170.0
1950.0	0.0	406.4	401.65	0.0	207.25	406.6	0.0	391.3	1078.5	2498.75	1496.25	168.7
2000.0	0.0	407.6	403.6	0.0	205.65	402.95	0.0	407.0	1090.2	2549.45	1551.65	173.152050.0	0.0	407.95	406.575	0.0	199.75	401.175	0.0	401.4	1132.075	2605.85	1603.3	182.95
2100.0	0.0	407.25	400.65	0.0	200.475	404.425	0.0	403.375	1147.925	2649.75	1639.325	190.15
2150.0	0.0	407.125	403.425	0.0	200.875	404.875	0.0	399.525	1166.225	2696.925	1692.8	193.1
2200.0	0.0	407.8	404.625	0.0	198.975	404.45	0.0	395.675	1181.525	2747.8	1755.1	201.85
2250.0	0.0	401.85	408.2	0.0	198.6	401.025	0.0	401.2	1212.125	2796.25	1798.975	204.25
2300.0	0.0	406.675	407.9	0.0	202.175	408.575	0.0	397.375	1236.975	2847.525	1841.925	207.9
2350.0	0.0	406.075	402.475	0.0	201.95	398.625	0.0	398.45	1252.6	2891.675	1889.7	214.275
2400.0	0.0	407.05	403.25	0.0	201.75	402.125	0.0	399.625	1267.3	2945.35	1932.7	219.75
2450.0	0.0	402.775	399.325	0.0	199.375	403.775	0.0	398.675	1302.6	2986.325	1984.15	223.9
2500.0	0.0	401.175	403.1	0.0	197.35	402.325	0.0	396.525	1311.75	3039.7	2034.275	230.875
2550.0	0.0	402.5	409.25	0.0	201.3	404.975	0.0	400.725	1331.3	3088.45	2078.7	231.55
2600.0	0.0	404.0	404.875	0.0	198.675	399.9	0.0	399.975	1360.925	3132.925	2124.0	241.375
2650.0	0.0	401.15	399.15	0.0	199.675	407.3	0.0	399.95	1378.175	3175.975	2170.875	251.375
2700.0	0.0	406.025	404.175	0.0	199.5	406.55	0.0	399.65	1406.2	3228.4	2217.3	252.95
2750.0	0.0	407.95	404.15	0.0	202.0	403.575	0.0	393.65	1417.9	3267.6	2271.125	258.975
2800.0	0.0	405.1	406.8	0.0	197.725	401.275	0.0	392.175	1445.025	3328.275	2317.375	260.9
2850.0	0.0	405.625	400.45	0.0	202.275	403.725	0.0	394.925	1471.3	3368.65	2363.125	269.1
2900.0	0.0	406.175	404.125	0.0	199.1	401.35	0.0	397.375	1491.175	3418.375	2407.925	270.625
2950.0	0.0	405.95	402.775	0.0	199.0	406.675	0.0	393.1	1489.0	3462.575	2463.375	273.725
3000.0	0.0	406.575	399.225	0.0	202.5	405.475	0.0	401.175	1510.15	3502.725	2501.1	289.725
3050.0	0.0	409.55	404.35	0.0	199.75	402.4	0.0	396.2	1528.375	3565.625	2554.3	288.95
3100.0	0.0	397.3	407.925	0.0	201.725	400.675	0.0	396.05	1537.975	3593.625	2595.45	287.675
3150.0	0.0	404.325	405.775	0.0	203.275	401.1	0.0	401.775	1547.5	3649.2	2662.075	298.925
3200.0	0.0	403.45	403.9	0.0	201.125	405.325	0.0	405.35	1564.225	3708.725	2712.95	305.9
3250.0	0.0	397.75	409.275	0.0	202.55	406.125	0.0	397.35	1582.75	3746.4	2741.05	318.675
3300.0	0.0	408.275	406.975	0.0	196.675	408.65	0.0	396.95	1573.85	3800.975	2780.8	312.975
3350.0	0.0	401.8	400.375	0.0	198.45	403.125	0.0	400.325	1591.1	3836.625	2852.175	320.125
3400.0	0.0	405.3	400.225	0.0	196.7	405.6	0.0	397.75	1584.275	3883.725	2891.5	329.175
3450.0	0.0	405.2	405.575	0.0	202.875	400.275	0.0	404.875	1596.625	3943.375	2930.7	335.05
3500.0	0.0	402.55	407.325	0.0	201.95	402.65	0.0	396.8	1589.425	3977.325	2988.325	339.075
3550.0	0.0	404.1	406.05	0.0	198.325	403.1	0.0	394.925	1585.4	4009.275	3023.4	341.1
3600.0	0.0	402.05	406.0	0.0	200.775	403.275	0.0	398.475	1596.975	4075.425	3077.75	345.875
3650.0	0.0	407.2	402.025	0.0	201.875	403.125	0.0	401.4	1596.125	4132.9	3105.1	353.575
3700.0	0.0	403.925	405.35	0.0	203.9	401.35	0.0	397.425	1602.1	4185.025	3163.5	356.8
3750.0	0.0	396.2	406.225	0.0	198.175	404.375	0.0	399.9	1604.325	4206.7	3198.5	367.625
3800.0	0.0	403.7	404.975	0.0	196.45	403.475	0.0	404.925	1606.975	4245.475	3256.925	367.425
3850.0	0.0	403.775	406.375	0.0	201.775	398.5	0.0	403.75	1594.0	4304.625	3315.55	377.325
3900.0	0.0	403.05	403.425	0.0	195.95	402.4	0.0	400.95	1603.475	4365.425	3350.775	385.725
3950.0	0.0	406.925	398.75	0.0	207.55	409.6	0.0	399.85	1584.025	4397.05	3387.375	384.5
4000.0	0.0	405.75	405.7	0.0	200.85	396.075	0.0	395.7	1604.725	4433.125	3443.125	386.725
4050.0	0.0	407.525	406.6	0.0	203.125	404.225	0.0	401.5	1592.375	4500.55	3481.9	396.9
4100.0	0.0	401.85	404.475	0.0	199.575	405.075	0.0	401.55	1614.125	4531.725	3530.775	399.775
4150.0	0.0	402.825	406.425	0.0	203.65	405.525	0.0	398.125	1600.875	4605.4	3573.25	410.35
4200.0	0.0	402.2	403.2	0.0	202.4	403.05	0.0	404.425	1599.5	4630.3	3637.625	407.65
4250.0	0.0	409.1	404.525	0.0	202.25	398.95	0.0	405.35	1605.975	4658.6	3668.6	414.175
4300.0	0.0	407.05	405.125	0.0	200.575	402.6	0.0	403.225	1597.6	4705.8	3728.4	423.875
4350.0	0.0	407.525	401.625	0.0	204.35	399.65	0.0	394.05	1589.4	4766.6	3761.175	430.025
4400.0	0.0	402.35	407.575	0.0	199.825	404.45	0.0	396.95	1602.125	4812.4	3808.05	430.65
4450.0	0.0	399.575	407.25	0.0	202.225	398.725	0.0	398.725	1604.275	4840.05	3850.925	431.8
4500.0	0.0	408.525	405.0	0.0	199.575	400.425	0.0	402.825	1607.775	4885.625	3907.025	449.825
4550.0	0.0	407.775	404.875	0.0	198.025	401.05	0.0	401.775	1584.55	4958.7	3924.9	445.6
4600.0	0.0	406.525	399.25	0.0	198.95	404.5	0.0	404.5	1599.65	4984.15	3989.7	448.825
4650.0	0.0	405.05	405.3	0.0	199.075	405.825	0.0	392.2	1598.55	5039.55	4028.375	458.725
4700.0	0.0	402.875	406.225	0.0	202.0	405.775	0.0	392.05	1610.5	5088.75	4082.975	458.725
4750.0	0.0	404.05	407.875	0.0	201.875	400.45	0.0	398.8	1613.525	5129.075	4131.025	469.7
4800.0	0.0	402.1	402.375	0.0	205.3	411.55	0.0	391.125	1598.375	5174.15	4168.625	469.75
4850.0	0.0	401.225	406.15	0.0	200.125	404.075	0.0	396.825	1606.025	5224.475	4221.125	477.95
4900.0	0.0	406.375	402.575	0.0	201.075	408.0	0.0	394.6	1595.3	5258.375	4275.275	479.45
4950.0	0.0	406.275	407.225	0.0	199.425	407.175	0.0	397.375	1612.975	5309.775	4301.425	491.85
5000.0	0.0	406.9	400.325	0.0	202.925	406.1	0.0	397.275	1589.15	5358.45	4339.65	499.175
1800.0	0.0	394.0	420.25	0.0	189.5	399.25	0.0	396.0	1020.0	2367.25	1401.75	155.0
1850.0	0.0	400.25	425.0	0.0	201.25	421.75	0.0	406.25	1034.25	2420.5	1435.75	159.5
1900.0	0.0	401.5	390.5	0.0	200.0	415.5	0.0	411.0	1063.5	2493.5	1469.5	166.5
1950.0	0.0	416.25	400.0	0.0	200.0	421.5	0.0	397.0	1063.5	2506.75	1459.5	170.25
2000.0	0.0	405.25	395.75	0.0	205.75	405.5	0.0	410.5	1088.75	2541.25	1532.5	185.0
2050.0	0.0	403.75	415.25	0.0	190.75	384.25	0.0	401.5	1133.0	2677.0	1614.25	193.75
2100.0	0.0	412.5	423.5	0.0	194.0	412.25	0.0	393.25	1144.5	2625.75	1610.75	181.0
Gateway 0 Arrival Rate	Pure Cloud Average Effective Arrival rate of 0	Next Hop Average Effective Arrival rate of 0	Probabilistic DF Average Effective Arrival rate of 0	Pure Cloud Average Effective Arrival rate of 1	Next Hop Average Effective Arrival rate of 1	Probabilistic DF Average Effective Arrival rate of 1	Pure Cloud Average Effective Arrival rate of 2	Next Hop Average Effective Arrival rate of 2	Probabilistic DF Average Effective Arrival rate of 2	Pure Cloud Average Effective Arrival rate of Cloud	Next Hop Average Effective Arrival rate of Cloud	Probabilistic DF Average Effective Arrival rate of Cloud
0.0	0.0	0.5	0.5	0.0	202.83333333333334	194.5	0.0	402.6666666666667	391.5	576.0	0.5	0.5
50.0	0.0	46.166666666666664	51.0	0.0	195.5	196.5	0.0	400.6666666666667	413.6666666666667	645.3333333333334	0.5	0.5
100.0	0.0	105.0	100.33333333333333	0.0	199.33333333333334	194.16666666666666	0.0	400.3333333333333	388.3333333333333	703.0	0.5	0.5
150.0	0.0	146.16666666666666	144.16666666666666	0.0	205.0	190.83333333333334	0.0	400.3333333333333	390.6666666666667	775.3333333333334	0.5	0.5
200.0	0.0	198.5	202.66666666666666	0.0	203.16666666666666	185.16666666666666	0.0	393.8333333333333	395.5	812.6666666666666	0.5	0.5
250.0	0.0	252.5	256.1666666666667	0.0	211.0	194.0	0.0	397.1666666666667	410.0	837.0	0.5	0.5
300.0	0.0	277.1666666666667	300.5	0.0	197.83333333333334	198.5	0.0	395.1666666666667	393.0	922.1666666666666	0.5	0.5
350.0	0.0	351.6666666666667	343.1666666666667	0.0	197.66666666666666	185.0	0.0	403.8333333333333	424.5	970.3333333333334	3.3333333333333335	0.6666666666666666
400.0	0.0	381.3333333333333	384.6666666666667	0.0	204.83333333333334	203.0	0.0	378.1666666666667	407.8333333333333	994.3333333333334	19.5	1.5
450.0	0.0	389.0	388.5	0.0	202.16666666666666	240.83333333333334	0.0	397.5	446.5	1042.0	57.0	9.833333333333334
500.0	0.0	413.1666666666667	406.6666666666667	0.0	204.83333333333334	233.0	0.0	394.1666666666667	448.3333333333333	1102.3333333333333	78.5	11.666666666666666
550.0	0.0	401.8333333333333	412.1666666666667	0.0	200.16666666666666	255.33333333333334	0.0	402.8333333333333	471.6666666666667	1141.3333333333333	141.16666666666666	18.333333333333332
600.0	0.0	398.6666666666667	419.1666666666667	0.0	205.66666666666666	277.0	0.0	395.8333333333333	485.5	1211.8333333333333	204.33333333333334	19.5
650.0	0.0	404.1666666666667	422.3333333333333	0.0	195.66666666666666	283.1666666666667	0.0	398.3333333333333	483.5	1241.0	248.83333333333334	24.666666666666668
700.0	0.0	403.3333333333333	397.0	0.0	195.16666666666666	324.6666666666667	0.0	399.5	535.3333333333334	1298.0	286.0	36.333333333333336
750.0	0.0	410.3333333333333	413.8333333333333	0.0	196.33333333333334	335.8333333333333	0.0	386.3333333333333	546.5	1348.3333333333333	325.0	37.5
800.0	0.0	414.0	399.8333333333333	0.0	199.66666666666666	368.1666666666667	0.0	400.3333333333333	580.3333333333334	1356.5	368.3333333333333	43.666666666666664
850.0	0.0	407.5	427.3333333333333	0.0	200.33333333333334	354.8333333333333	0.0	407.0	567.5	1422.0	435.1666666666667	47.666666666666664
900.0	0.0	408.3333333333333	393.1666666666667	0.0	199.5	392.5	0.0	399.8333333333333	617.8333333333334	1480.5	482.3333333333333	59.0
950.0	0.0	414.0	407.0	0.0	207.33333333333334	394.3333333333333	0.0	407.3333333333333	646.6666666666666	1544.6666666666667	543.0	62.666666666666664
1000.0	0.0	418.1666666666667	406.1666666666667	0.0	200.33333333333334	391.0	0.0	400.8333333333333	660.3333333333334	1611.6666666666667	576.0	69.5
1050.0	0.0	401.8333333333333	415.8333333333333	0.0	191.33333333333334	397.6666666666667	0.0	406.0	690.8333333333334	1640.0	642.6666666666666	76.0
1100.0	0.0	409.3333333333333	395.3333333333333	0.0	194.83333333333334	398.0	0.0	390.6666666666667	714.0	1704.1666666666667	690.1666666666666	74.0
1150.0	0.0	408.5	415.3333333333333	0.0	205.33333333333334	404.0	0.0	397.3333333333333	724.6666666666666	1706.1666666666667	750.1666666666666	89.33333333333333
1200.0	0.0	411.6666666666667	406.1666666666667	0.0	200.16666666666666	389.8333333333333	0.0	405.5	752.0	1758.1666666666667	778.3333333333334	93.16666666666667
1250.0	0.0	404.3333333333333	411.8333333333333	0.0	215.33333333333334	399.1666666666667	0.0	404.8333333333333	777.8333333333334	1820.6666666666667	838.5	97.83333333333333
1300.0	0.0	413.5	410.6666666666667	0.0	202.33333333333334	417.0	0.0	408.5	784.1666666666666	1886.3333333333333	862.8333333333334	92.5
1350.0	0.0	417.3333333333333	415.0	0.0	203.33333333333334	408.5	0.0	389.5	797.5	1900.8333333333333	906.5	103.0
1400.0	0.0	416.1666666666667	413.1666666666667	0.0	187.16666666666666	415.3333333333333	0.0	387.5	828.6666666666666	1985.5	945.8333333333334	105.83333333333333
1450.0	0.0	406.8333333333333	403.3333333333333	0.0	201.5	408.5	0.0	393.3333333333333	875.0	2005.5	1021.5	112.0
1500.0	0.0	408.5	408.5	0.0	205.66666666666666	410.1666666666667	0.0	394.8333333333333	883.0	2071.3333333333335	1067.5	118.83333333333333
1550.0	0.0	408.6666666666667	414.3333333333333	0.0	208.33333333333334	414.5	0.0	400.0	898.0	2137.5	1133.6666666666667	132.33333333333334
1600.0	0.0	414.8333333333333	408.8333333333333	0.0	196.83333333333334	416.1666666666667	0.0	396.0	923.6666666666666	2169.0	1157.3333333333333	137.16666666666666
1650.0	0.0	413.5	400.1666666666667	0.0	197.5	409.6666666666667	0.0	400.1666666666667	958.8333333333334	2183.3333333333335	1227.0	143.5
1700.0	0.0	407.8333333333333	410.5	0.0	201.33333333333334	403.0	0.0	413.8333333333333	945.3333333333334	2280.1666666666665	1247.6666666666667	143.33333333333334
1750.0	0.0	406.1666666666667	413.0	0.0	204.16666666666666	396.1666666666667	0.0	412.5	1005.1666666666666	2307.5	1337.1666666666667	141.33333333333334
1800.0	0.0	411.0	407.5	0.0	205.33333333333334	410.8333333333333	0.0	395.5	1016.5	2387.3333333333335	1373.6666666666667	153.83333333333334
1850.0	0.0	403.3333333333333	413.1666666666667	0.0	208.83333333333334	402.8333333333333	0.0	398.5	1039.6666666666667	2439.8333333333335	1410.3333333333333	154.33333333333334
1900.0	0.0	406.1666666666667	410.1666666666667	0.0	203.33333333333334	401.0	0.0	399.1666666666667	1056.8333333333333	2427.0	1454.0	163.0
1950.0	0.0	409.1666666666667	407.8333333333333	0.0	196.66666666666666	404.5	0.0	399.6666666666667	1071.1666666666667	2493.1666666666665	1555.0	167.66666666666666
2000.0	0.0	406.5	405.3333333333333	0.0	199.5	418.3333333333333	0.0	403.5	1097.5	2574.5	1543.5	177.33333333333334
2050.0	0.0	404.6666666666667	413.5	0.0	202.66666666666666	394.0	0.0	397.5	1106.3333333333333	2613.1666666666665	1590.1666666666667	178.83333333333334
2100.0	0.0	408.5	419.3333333333333	0.0	193.16666666666666	398.6666666666667	0.0	400.3333333333333	1118.0	2635.1666666666665	1677.1666666666667	179.0
2150.0	0.0	420.6666666666667	419.3333333333333	0.0	208.0	415.5	0.0	394.1666666666667	1150.5	2663.8333333333335	1680.6666666666667	199.83333333333334
2200.0	0.0	405.3333333333333	401.1666666666667	0.0	209.83333333333334	394.8333333333333	0.0	403.5	1208.3333333333333	2745.1666666666665	1721.5	194.83333333333334
2250.0	0.0	391.6666666666667	413.5	0.0	198.16666666666666	413.5	0.0	400.8333333333333	1220.5	2812.3333333333335	1823.0	207.83333333333334
2300.0	0.0	399.8333333333333	397.3333333333333	0.0	211.0	403.8333333333333	0.0	386.5	1235.8333333333333	2858.3333333333335	1840.5	200.66666666666666
2350.0	0.0	415.0	402.5	0.0	206.5	405.3333333333333	0.0	403.1666666666667	1243.5	2872.0	1885.6666666666667	208.33333333333334
2400.0	0.0	415.5	407.3333333333333	0.0	199.16666666666666	406.3333333333333	0.0	397.8333333333333	1259.1666666666667	2927.8333333333335	1943.0	223.33333333333334
2450.0	0.0	417.8333333333333	409.3333333333333	0.0	195.83333333333334	406.6666666666667	0.0	395.1666666666667	1300.5	2998.3333333333335	1957.8333333333333	212.33333333333334
2500.0	0.0	399.6666666666667	399.6666666666667	0.0	205.66666666666666	403.0	0.0	393.6666666666667	1317.5	3046.8333333333335	2043.1666666666667	221.33333333333334
2550.0	0.0	399.1666666666667	401.6666666666667	0.0	206.0	404.5	0.0	393.1666666666667	1332.1666666666667	3087.5	2112.8333333333335	231.83333333333334
2600.0	0.0	419.0	397.8333333333333	0.0	195.83333333333334	417.3333333333333	0.0	388.1666666666667	1349.0	3129.6666666666665	2120.8333333333335	241.16666666666666
2650.0	0.0	411.1666666666667	411.1666666666667	0.0	205.5	416.1666666666667	0.0	390.8333333333333	1367.3333333333333	3169.3333333333335	2168.5	252.5
2700.0	0.0	412.3333333333333	421.6666666666667	0.0	199.0	418.3333333333333	0.0	391.6666666666667	1397.5	3230.3333333333335	2237.1666666666665	248.5
2750.0	0.0	421.3333333333333	399.6666666666667	0.0	197.0	406.0	0.0	395.0	1444.8333333333333	3249.8333333333335	2205.8333333333335	260.1666666666667
2800.0	0.0	424.5	420.1666666666667	0.0	210.5	411.6666666666667	0.0	383.8333333333333	1436.0	3309.1666666666665	2304.8333333333335	267.3333333333333
2850.0	0.0	411.6666666666667	400.0	0.0	201.0	410.8333333333333	0.0	405.5	1450.6666666666667	3376.8333333333335	2388.5	260.1666666666667
2900.0	0.0	405.0	412.8333333333333	0.0	200.33333333333334	414.8333333333333	0.0	397.8333333333333	1472.8333333333333	3436.8333333333335	2400.5	279.0
2950.0	0.0	401.6666666666667	411.1666666666667	0.0	204.0	406.8333333333333	0.0	393.6666666666667	1481.5	3427.1666666666665	2449.1666666666665	285.0
3000.0	0.0	405.3333333333333	421.1666666666667	0.0	194.16666666666666	405.8333333333333	0.0	387.5	1524.1666666666667	3511.6666666666665	2547.8333333333335	278.5
3050.0	0.0	399.5	406.3333333333333	0.0	197.83333333333334	390.6666666666667	0.0	388.5	1504.0	3563.3333333333335	2573.0	300.0
3100.0	0.0	415.3333333333333	415.1666666666667	0.0	205.66666666666666	411.5	0.0	395.3333333333333	1542.3333333333333	3594.0	2578.8333333333335	291.5
3150.0	0.0	401.5	422.3333333333333	0.0	197.0	430.8333333333333	0.0	394.5	1519.0	3682.8333333333335	2646.0	283.5
3200.0	0.0	429.6666666666667	410.1666666666667	0.0	191.33333333333334	411.5	0.0	404.3333333333333	1565.6666666666667	3713.1666666666665	2649.6666666666665	303.8333333333333
3250.0	0.0	405.5	428.0	0.0	203.33333333333334	408.5	0.0	396.1666666666667	1580.0	3723.6666666666665	2752.8333333333335	312.8333333333333
3300.0	0.0	426.1666666666667	409.1666666666667	0.0	208.0	405.8333333333333	0.0	412.0	1585.6666666666667	3776.8333333333335	2783.8333333333335	316.1666666666667
3350.0	0.0	389.3333333333333	421.0	0.0	218.33333333333334	407.6666666666667	0.0	403.8333333333333	1582.1666666666667	3869.1666666666665	2863.0	320.6666666666667
3400.0	0.0	430.5	419.0	0.0	204.66666666666666	426.0	0.0	415.6666666666667	1573.5	3869.3333333333335	2839.3333333333335	328.6666666666667
3450.0	0.0	402.6666666666667	418.5	0.0	197.16666666666666	390.0	0.0	401.8333333333333	1591.3333333333333	3957.5	2908.1666666666665	336.6666666666667
3500.0	0.0	418.5	406.5	0.0	209.83333333333334	411.1666666666667	0.0	402.6666666666667	1604.5	3961.5	2944.5	343.6666666666667
3550.0	0.0	405.0	412.6666666666667	0.0	201.66666666666666	406.5	0.0	395.5	1611.3333333333333	4029.0	3048.5	331.1666666666667
3600.0	0.0	404.0	420.1666666666667	0.0	198.33333333333334	401.3333333333333	0.0	391.1666666666667	1582.6666666666667	4081.3333333333335	3104.6666666666665	331.3333333333333
3650.0	0.0	405.5	415.8333333333333	0.0	200.5	399.5	0.0	393.5	1596.8333333333333	4106.5	3093.3333333333335	347.6666666666667
3700.0	0.0	413.8333333333333	426.5	0.0	196.5	405.6666666666667	0.0	383.6666666666667	1611.0	4147.5	3120.3333333333335	362.6666666666667
3750.0	0.0	420.5	408.0	0.0	195.83333333333334	410.5	0.0	400.0	1594.8333333333333	4191.333333333333	3194.5	353.1666666666667
3800.0	0.0	407.0	422.3333333333333	0.0	210.0	399.1666666666667	0.0	389.6666666666667	1602.6666666666667	4244.5	3264.8333333333335	363.6666666666667
3850.0	0.0	397.5	413.3333333333333	0.0	208.83333333333334	426.1666666666667	0.0	393.0	1608.3333333333333	4293.0	3258.5	385.0
3900.0	0.0	391.6666666666667	397.5	0.0	205.5	406.6666666666667	0.0	393.3333333333333	1614.0	4382.5	3389.6666666666665	377.3333333333333
3950.0	0.0	412.0	403.6666666666667	0.0	206.0	423.3333333333333	0.0	395.5	1638.1666666666667	4401.0	3394.8333333333335	383.5
4000.0	0.0	423.8333333333333	404.5	0.0	210.66666666666666	409.6666666666667	0.0	403.3333333333333	1601.3333333333333	4419.833333333333	3478.3333333333335	395.8333333333333
4050.0	0.0	413.0	420.0	0.0	207.33333333333334	410.6666666666667	0.0	403.3333333333333	1611.3333333333333	4480.833333333333	3486.3333333333335	396.3333333333333
4100.0	0.0	413.6666666666667	420.8333333333333	0.0	193.16666666666666	410.3333333333333	0.0	398.6666666666667	1619.8333333333333	4560.166666666667	3501.6666666666665	394.3333333333333
4150.0	0.0	398.0	404.6666666666667	0.0	196.5	415.1666666666667	0.0	385.6666666666667	1623.3333333333333	4577.166666666667	3604.3333333333335	405.1666666666667
4200.0	0.0	403.3333333333333	408.1666666666667	0.0	206.0	409.3333333333333	0.0	405.0	1601.0	4675.833333333333	3613.8333333333335	394.8333333333333
4250.0	0.0	414.5	408.1666666666667	0.0	194.0	422.5	0.0	387.5	1593.1666666666667	4719.5	3642.5	430.5
4300.0	0.0	422.1666666666667	415.1666666666667	0.0	207.16666666666666	400.3333333333333	0.0	389.8333333333333	1586.1666666666667	4756.5	3688.6666666666665	433.0
4350.0	0.0	410.3333333333333	404.6666666666667	0.0	209.0	399.5	0.0	393.1666666666667	1620.0	4763.5	3728.3333333333335	434.8333333333333
4400.0	0.0	398.5	416.6666666666667	0.0	199.66666666666666	418.8333333333333	0.0	373.8333333333333	1599.5	4812.0	3803.0	442.0
4450.0	0.0	400.6666666666667	408.1666666666667	0.0	198.0	406.1666666666667	0.0	378.6666666666667	1618.1666666666667	4865.333333333333	3840.3333333333335	437.0
4500.0	0.0	404.3333333333333	405.6666666666667	0.0	206.83333333333334	422.3333333333333	0.0	401.6666666666667	1607.6666666666667	4921.833333333333	3911.5	447.6666666666667
4550.0	0.0	402.1666666666667	411.5	0.0	196.5	411.8333333333333	0.0	386.6666666666667	1598.1666666666667	4926.0	3904.8333333333335	446.5
4600.0	0.0	412.0	429.6666666666667	0.0	199.5	407.5	0.0	399.8333333333333	1601.3333333333333	5008.5	3989.1666666666665	445.0
4650.0	0.0	420.1666666666667	400.1666666666667	0.0	198.0	427.3333333333333	0.0	392.5	1595.6666666666667	5030.166666666667	3984.1666666666665	472.5
4700.0	0.0	419.5	440.8333333333333	0.0	200.16666666666666	417.3333333333333	0.0	395.6666666666667	1626.0	5058.166666666667	4098.666666666667	441.3333333333333
4750.0	0.0	410.5	399.0	0.0	207.16666666666666	405.0	0.0	397.6666666666667	1613.3333333333333	5128.0	4117.166666666667	463.1666666666667
4800.0	0.0	410.5	403.5	0.0	208.66666666666666	404.1666666666667	0.0	411.3333333333333	1606.0	5180.666666666667	4167.5	477.8333333333333
4850.0	0.0	411.3333333333333	405.0	0.0	189.83333333333334	398.3333333333333	0.0	389.6666666666667	1614.0	5212.166666666667	4200.333333333333	474.3333333333333
4900.0	0.0	408.6666666666667	409.5	0.0	211.5	414.8333333333333	0.0	404.3333333333333	1607.3333333333333	5255.833333333333	4235.5	493.3333333333333
4950.0	0.0	405.3333333333333	403.6666666666667	0.0	200.5	397.3333333333333	0.0	404.8333333333333	1608.5	5380.166666666667	4297.166666666667	487.5
5000.0	0.0	410.6666666666667	412.6666666666667	0.0	202.16666666666666	396.5	0.0	402.0	1599.6666666666667	5340.166666666667	4325.5	473.8333333333333
